lus_demo/data/Current_situation/Thematic_maps/Accessibility/dist_highway_entries_2012.asc
ncols         540
nrows         650
xllcorner     10000
yllcorner     300000
cellsize      500
NODATA_value  -9999
[rows 465 to 495 of 650, columns 207 to 275 of 540]
2061.553 2000 2061.553 2236.068 2500 2828.427 3201.562 3605.551 4000 4031.129 4123.105 4272.002 4472.136 4716.991 5000 4949.748 4609.772 4301.163 4031.129 3807.886 3640.055 3535.534 3500 3535.534 3640.055 3807.886 4031.129 4301.163 4301.163 3905.125 3535.534 3201.562 2915.476 2692.583 2549.51 2500 2549.51 2692.583 2915.476 3201.562 3201.562 2915.476 2692.583 2549.51 2500 2549.51 2692.583 2915.476 3201.562 3201.562 2828.427 2500 2236.068 2061.553 2000 2061.553 2236.068 2500 2828.427 3201.562 3605.551 4031.129 4472.136 4924.429 5000 4609.772 4242.641 3905.125 3605.551
2549.51 2500 2549.51 2692.583 2915.476 3201.562 3535.534 3905.125 4301.163 4527.692 4609.772 4743.417 4924.429 5147.815 5408.327 5315.073 5000 4716.991 4472.136 4272.002 4123.105 4031.129 4000 4031.129 4123.105 4272.002 4472.136 4716.991 4609.772 4242.641 3905.125 3605.551 3354.102 3162.278 3041.381 3000 3041.381 3162.278 3354.102 3605.551 3605.551 3354.102 3162.278 3041.381 3000 3041.381 3162.278 3354.102 3605.551 3535.534 3201.562 2915.476 2692.583 2549.51 2500 2549.51 2692.583 2915.476 3201.562 3535.534 3905.125 4301.163 4716.991 5147.815 4716.991 4301.163 3905.125 3535.534 3201.562
3041.381 3000 3041.381 3162.278 3354.102 3605.551 3905.125 4242.641 4609.772 5000 5099.02 5220.153 5385.165 5590.17 5830.952 5700.877 5408.327 5147.815 4924.429 4743.417 4609.772 4527.692 4500 4527.692 4609.772 4743.417 4924.429 5147.815 4949.748 4609.772 4301.163 4031.129 3807.886 3640.055 3535.534 3500 3535.534 3640.055 3807.886 4031.129 4031.129 3807.886 3640.055 3535.534 3500 3535.534 3640.055 3807.886 4031.129 3905.125 3605.551 3354.102 3162.278 3041.381 3000 3041.381 3162.278 3354.102 3605.551 3905.125 4242.641 4609.772 5000 4924.429 4472.136 4031.129 3605.551 3201.562 2828.427
3535.534 3500 3535.534 3640.055 3807.886 4031.129 4301.163 4609.772 4949.748 5315.073 5590.17 5700.877 5852.35 6041.523 6264.982 6103.278 5830.952 5590.17 5385.165 5220.153 5099.02 5024.938 5000 5024.938 5099.02 5220.153 5385.165 5590.17 5315.073 5000 4716.991 4472.136 4272.002 4123.105 4031.129 4000 4031.129 4123.105 4272.002 4472.136 4472.136 4272.002 4123.105 4031.129 4000 4031.129 4123.105 4272.002 4472.136 4301.163 4031.129 3807.886 3640.055 3535.534 3500 3535.534 3640.055 3807.886 4031.129 4301.163 4609.772 4949.748 5220.153 4743.417 4272.002 3807.886 3354.102 2915.476 2500
3500 4000 4031.129 4123.105 4272.002 4472.136 4716.991 5000 5315.073 5656.854 6020.797 6184.658 6324.555 6500 6708.204 6519.203 6264.982 6041.523 5852.35 5700.877 5590.17 5522.681 5500 5522.681 5590.17 5700.877 5852.35 6020.797 5700.877 5408.327 5147.815 4924.429 4743.417 4609.772 4527.692 4500 4527.692 4609.772 4743.417 4924.429 4924.429 4743.417 4609.772 4527.692 4500 4527.692 4609.772 4743.417 4924.429 4716.991 4472.136 4272.002 4123.105 4031.129 4000 4031.129 4123.105 4272.002 4472.136 4716.991 5000 5315.073 5099.02 4609.772 4123.105 3640.055 3162.278 2692.583 2236.068
-9999 -9999 -9999 4609.772 4743.417 4924.429 5147.815 5408.327 5700.877 6020.797 6363.961 6670.832 6800.735 6964.194 7158.911 6946.222 6708.204 6500 6324.555 6184.658 6082.763 6020.797 6000 6020.797 6082.763 6184.658 6324.555 6403.124 6103.278 5830.952 5590.17 5385.165 5220.153 5099.02 5024.938 5000 5024.938 5099.02 5220.153 5385.165 5385.165 5220.153 5099.02 5024.938 5000 5024.938 5099.02 5220.153 5385.165 5147.815 4924.429 4743.417 4609.772 4527.692 4500 4527.692 4609.772 4743.417 4924.429 5147.815 5408.327 5522.681 5024.938 4527.692 4031.129 3535.534 3041.381 2549.51 2061.553
-9999 -9999 -9999 -9999 5220.153 5385.165 5590.17 5830.952 6103.278 6403.124 6726.812 7071.068 7280.11 7433.034 7615.773 7382.412 7158.911 6964.194 6800.735 6670.832 6576.473 6519.203 6500 6519.203 6576.473 6670.832 6800.735 6800.735 6519.203 6264.982 6041.523 5852.35 5700.877 5590.17 5522.681 5500 5522.681 5590.17 5700.877 5852.35 5852.35 5700.877 5590.17 5522.681 5500 5522.681 5590.17 5700.877 5830.952 5590.17 5385.165 5220.153 5099.02 5024.938 5000 5024.938 5099.02 5220.153 5385.165 5590.17 5830.952 5500 5000 4500 4000 3500 3000 2500 2000
-9999 -9999 -9999 -9999 5590.17 5852.35 6041.523 6264.982 6519.203 6800.735 7106.335 7433.034 7762.087 7905.694 8062.258 7826.238 7615.773 7433.034 7280.11 7158.911 7071.068 7017.834 7000 7017.834 7071.068 7158.911 7280.11 7211.103 6946.222 6708.204 6500 6324.555 6184.658 6082.763 6020.797 6000 6020.797 6082.763 6184.658 6324.555 6324.555 6184.658 6082.763 6020.797 6000 6020.797 6082.763 6184.658 6264.982 6041.523 5852.35 5700.877 5590.17 5522.681 5500 5522.681 5590.17 5700.877 5852.35 6041.523 6020.797 5522.681 5024.938 4527.692 4031.129 3535.534 3041.381 2549.51 2061.553
-9999 -9999 -9999 -9999 -9999 6184.658 6500 6708.204 6946.222 7211.103 7500 7810.25 8139.41 8381.527 8500 8276.473 8077.747 7905.694 7762.087 7648.529 7566.373 7516.648 7500 7516.648 7566.373 7648.529 7762.087 7632.169 7382.412 7158.911 6964.194 6800.735 6670.832 -9999 -9999 6500 6519.203 6576.473 6670.832 6800.735 6800.735 6670.832 6576.473 6519.203 6500 6519.203 6576.473 6670.832 6708.204 6500 6324.555 6184.658 6082.763 6020.797 6000 6020.797 6082.763 6184.658 6324.555 6500 6082.763 5590.17 5099.02 4609.772 4123.105 3640.055 3162.278 2692.583 2236.068
-9999 -9999 -9999 -9999 -9999 -9999 -9999 7158.911 7382.412 7632.169 7905.694 8200.609 8514.693 8845.903 8944.271 8732.125 8544.004 8381.527 8246.211 8139.41 8062.258 8015.61 8000 8015.61 8062.258 8139.41 8246.211 8062.258 7826.238 7615.773 7433.034 7280.11 -9999 -9999 -9999 7000 7017.834 7071.068 7158.911 7280.11 7280.11 7158.911 7071.068 7017.834 7000 7017.834 7071.068 7158.911 7158.911 6964.194 6800.735 6670.832 6576.473 6519.203 6500 6519.203 6576.473 6670.832 6800.735 6670.832 6184.658 5700.877 5220.153 4743.417 4272.002 3807.886 3354.102 2915.476 2500
-9999 -9999 -9999 -9999 -9999 -9999 -9999 7433.034 7826.238 8062.258 8321.658 8602.325 8902.247 9219.545 9394.147 9192.388 9013.878 8860.022 8732.125 8631.338 8558.621 8514.693 8500 8514.693 8558.621 8631.338 8732.125 8500 8276.473 8077.747 7905.694 -9999 -9999 -9999 -9999 7500 7516.648 7566.373 7648.529 7762.087 7762.087 7648.529 7566.373 7516.648 7500 7516.648 7566.373 7648.529 7615.773 7433.034 7280.11 7158.911 7071.068 7017.834 7000 7017.834 7071.068 7158.911 7280.11 6800.735 6324.555 5852.35 5385.165 4924.429 4472.136 4031.129 3605.551 3201.562 2828.427
-9999 -9999 -9999 -9999 -9999 -9999 -9999 7615.773 8077.747 8500 8746.428 9013.878 9300.538 9604.687 9848.857 9656.604 9486.833 9340.771 9219.545 9124.144 9055.385 9013.878 9000 9013.878 9055.385 9124.144 9178.78 8944.271 8732.125 8544.004 -9999 -9999 -9999 -9999 -9999 -9999 -9999 -9999 -9999 -9999 8246.211 8139.41 8062.258 8015.61 8000 8015.61 8062.258 8139.41 8077.747 7905.694 7762.087 7648.529 7566.373 7516.648 7500 7516.648 7566.373 7648.529 7433.034 6964.194 6500 6041.523 5590.17 5147.815 4716.991 4301.163 3905.125 3535.534 3201.562
-9999 -9999 -9999 -9999 -9999 -9999 7382.412 7826.238 8276.473 8732.125 9178.78 9433.981 9708.244 10000 10307.76 10124.23 9962.43 9823.441 9708.244 9617.692 9552.486 9513.148 9500 9513.148 9552.486 9617.692 9617.692 9394.147 9192.388 9013.878 -9999 -9999 -9999 -9999 -9999 -9999 -9999 -9999 -9999 -9999 -9999 8631.338 8558.621 8514.693 8500 8514.693 8558.621 8631.338 8544.004 8381.527 8246.211 8139.41 8062.258 8015.61 8000 8015.61 8062.258 8077.747 7615.773 7158.911 6708.204 6264.982 5830.952 5408.327 5000 4609.772 4242.641 3905.125 3605.551
-9999 -9999 -9999 -9999 -9999 -9999 -9999 8062.258 8500 8944.271 9394.147 9848.857 10124.23 10404.33 10700.47 10594.81 10440.31 10307.76 10198.04 10111.87 10049.88 10012.49 10000 10012.49 10049.88 10111.87 10062.31 9848.857 9656.604 9486.833 9340.771 -9999 -9999 -9999 -9999 -9999 -9999 -9999 -9999 -9999 -9999 9124.144 9055.385 9013.878 9000 9013.878 9055.385 9124.144 9013.878 8860.022 8732.125 8631.338 8558.621 8514.693 8500 8514.693 8558.621 8276.473 7826.238 7382.412 6946.222 6519.203 6103.278 5700.877 5315.073 4949.748 4609.772 4301.163 4031.129
-9999 -9999 -9999 -9999 -9999 -9999 7905.694 8321.658 8746.428 9178.78 9617.692 10062.31 10511.9 10816.65 11101.8 11067.97 10920.17 10793.52 10688.78 10606.6 10547.51 10511.9 10500 10511.9 10547.51 10606.6 10511.9 10307.76 10124.23 9962.43 9823.441 -9999 -9999 -9999 -9999 -9999 -9999 -9999 -9999 -9999 -9999 -9999 9552.486 9513.148 9500 9513.148 9552.486 9617.692 9486.833 9340.771 9219.545 9124.144 9055.385 9013.878 9000 9013.878 8944.271 8500 8062.258 7632.169 7211.103 6800.735 6403.124 6020.797 5656.854 5315.073 5000 4716.991 4472.136
-9999 -9999 -9999 -9999 -9999 7810.25 8200.609 8602.325 9013.878 9433.981 9861.541 10295.63 10735.46 11180.34 11510.86 11543.4 11401.75 11280.51 11180.34 11101.8 11045.36 11011.36 11000 11011.36 11045.36 11101.8 10965.86 10770.33 10594.81 10440.31 -9999 -9999 -9999 -9999 -9999 -9999 -9999 -9999 -9999 -9999 -9999 -9999 10049.88 10012.49 10000 10012.49 10049.88 10111.87 9962.43 9823.441 9708.244 9617.692 9552.486 9513.148 9500 9513.148 9178.78 8746.428 8321.658 7905.694 7500 7106.335 6726.812 6363.961 6020.797 5700.877 5408.327 5147.815 4924.429
-9999 -9999 -9999 -9999 -9999 8139.41 8514.693 8902.247 9300.538 9708.244 10124.23 10547.51 10977.25 11412.71 11853.27 12020.82 11884.86 11768.6 -9999 11597.41 11543.4 11510.86 11500 11510.86 11543.4 11597.41 11423.66 11236.1 11067.97 10920.17 -9999 -9999 -9999 -9999 -9999 -9999 -9999 -9999 -9999 -9999 -9999 -9999 10547.51 10511.9 10500 10511.9 10547.51 10594.81 10440.31 10307.76 10198.04 10111.87 10049.88 10012.49 10000 9861.541 9433.981 9013.878 8602.325 8200.609 7810.25 7433.034 7071.068 6726.812 6403.124 6103.278 5830.952 5590.17 5385.165
-9999 -9999 -9999 -9999 -9999 8485.281 8845.903 9219.545 9604.687 10000 10404.33 10816.65 11236.1 11661.9 12093.39 12500 12369.32 12257.65 -9999 -9999 -9999 12010.41 12000 12010.41 12041.59 12083.05 11884.86 11704.7 11543.4 -9999 -9999 -9999 -9999 -9999 -9999 -9999 -9999 -9999 -9999 -9999 -9999 -9999 -9999 11011.36 11000 11011.36 11045.36 11067.97 10920.17 10793.52 10688.78 10606.6 10547.51 10511.9 10500 10124.23 9708.244 9300.538 8902.247 8514.693 8139.41 7778.175 7433.034 7106.335 6800.735 6519.203 6264.982 6041.523 5852.35
-9999 -9999 -9999 -9999 -9999 8845.903 9192.388 9552.486 9924.717 10307.76 10700.47 11101.8 11510.86 11926.86 12349.09 12776.93 12854.96 12747.55 -9999 -9999 -9999 12510 12500 12510 12539.94 12539.94 12349.09 12175.8 -9999 -9999 -9999 -9999 -9999 -9999 -9999 -9999 -9999 -9999 -9999 -9999 -9999 -9999 -9999 11510.86 11500 11510.86 11543.4 11543.4 11401.75 11280.51 11180.34 11101.8 11045.36 11011.36 10816.65 10404.33 10000 9604.687 9219.545 8845.903 8485.281 8139.41 7810.25 7500 7211.103 6946.222 6708.204 6500 6324.555
-9999 -9999 -9999 -9999 -9999 9219.545 9552.486 9899.495 10259.14 10630.15 11011.36 11401.75 11800.42 12206.56 12619.43 13038.41 13341.66 13238.2 13152.95 -9999 -9999 13009.61 13000 13009.61 13038.41 13000 12816.01 -9999 -9999 -9999 -9999 -9999 -9999 -9999 -9999 -9999 -9999 -9999 -9999 -9999 -9999 -9999 -9999 -9999 12000 12010.41 12041.59 12020.82 11884.86 11768.6 11672.62 11597.41 11543.4 11401.75 11101.8 10700.47 10307.76 9924.717 9552.486 9192.388 8845.903 8514.693 8200.609 7905.694 7632.169 7382.412 7158.911 6964.194 6800.735
8276.473 8500 -9999 -9999 -9999 9604.687 9924.717 10259.14 10606.6 10965.86 11335.78 11715.38 12103.72 12500 12903.49 13313.53 13729.53 13729.53 13647.34 13583.08 13536.99 13509.26 13500 13509.26 13536.99 13462.91 -9999 -9999 -9999 -9999 -9999 -9999 -9999 -9999 -9999 -9999 -9999 -9999 -9999 -9999 -9999 -9999 -9999 12510 12500 12510 12539.94 12500 12369.32 12257.65 12020.82 11672.62 11335.78 11011.36 10700.47 10404.33 10124.23 9861.541 9617.692 9394.147 9192.388 8845.903 8514.693 8200.609 7905.694 7632.169 7382.412 7158.911 6964.194
8732.125 8944.271 9178.78 9433.981 -9999 10000 10307.76 10630.15 10965.86 11313.71 11672.62 12041.59 12419.74 12806.25 13200.38 13601.47 14008.93 14221.46 14142.14 14080.13 14035.67 14008.93 14000 14008.93 -9999 -9999 -9999 -9999 -9999 -9999 -9999 -9999 -9999 -9999 -9999 -9999 -9999 -9999 -9999 -9999 -9999 -9999 -9999 13009.61 13000 13009.61 13038.41 12806.25 12419.74 12041.59 11672.62 11313.71 10965.86 10630.15 10307.76 10000 9708.244 9433.981 9178.78 8944.271 8732.125 8485.281 8139.41 7810.25 7500 7211.103 6946.222 6708.204 6500
9192.388 9394.147 9617.692 9861.541 10124.23 10404.33 -9999 11011.36 11335.78 11672.62 12020.82 12379.42 12747.55 13124.4 13509.26 13901.44 14300.35 14705.44 14637.28 14577.38 14534.44 14508.62 14500 14508.62 -9999 -9999 -9999 -9999 -9999 -9999 -9999 -9999 -9999 -9999 -9999 -9999 -9999 -9999 -9999 -9999 -9999 -9999 13536.99 13509.26 13500 13313.53 12903.49 12500 12103.72 11715.38 11335.78 10965.86 10606.6 10259.14 9924.717 9604.687 9300.538 9013.878 8746.428 8500 8276.473 8077.747 7778.175 7433.034 7106.335 6800.735 6519.203 6264.982 6041.523
9656.604 9848.857 10062.31 10295.63 10547.51 10816.65 11101.8 11401.75 11715.38 12041.59 12379.42 12727.92 -9999 -9999 13829.32 14212.67 14603.08 15000 15132.75 15074.81 15033.3 15008.33 15000 -9999 -9999 -9999 -9999 -9999 -9999 -9999 -9999 -9999 -9999 -9999 -9999 -9999 -9999 -9999 -9999 -9999 -9999 -9999 14035.67 13892.44 13462.91 13038.41 12619.43 12206.56 11800.42 11401.75 11011.36 10630.15 10259.14 9899.495 9552.486 9219.545 8902.247 8602.325 8321.658 8062.258 7826.238 7615.773 7433.034 7071.068 6726.812 6403.124 6103.278 5830.952 5590.17
10124.23 -9999 -9999 -9999 -9999 -9999 -9999 -9999 -9999 -9999 12747.55 -9999 -9999 -9999 -9999 -9999 14916.43 15305.23 15628.5 15572.41 15532.22 15508.06 -9999 -9999 -9999 -9999 -9999 -9999 -9999 -9999 -9999 -9999 -9999 -9999 -9999 -9999 -9999 -9999 -9999 -9999 -9999 14534.44 14089 13647.34 13209.84 12776.93 12349.09 11926.86 11510.86 11101.8 10700.47 10307.76 9924.717 9552.486 9192.388 8845.903 8514.693 8200.609 7905.694 7632.169 7382.412 7158.911 6964.194 6726.812 6363.961 6020.797 5700.877 5408.327 5147.815
-9999 -9999 -9999 -9999 -9999 -9999 -9999 -9999 -9999 -9999 -9999 -9999 -9999 -9999 -9999 -9999 15239.75 15620.5 16007.81 16070.16 16031.22 -9999 -9999 -9999 -9999 -9999 -9999 -9999 -9999 -9999 -9999 -9999 -9999 -9999 -9999 -9999 -9999 -9999 -9999 -9999 -9999 14317.82 13865.42 13416.41 12971.12 12529.96 12093.39 11661.9 11236.1 10816.65 10404.33 10000 9604.687 9219.545 8845.903 8485.281 8139.41 7810.25 7500 7211.103 6946.222 6708.204 6500 6324.555 6020.797 5656.854 5315.073 5000 4716.991
-9999 -9999 -9999 -9999 -9999 -9999 -9999 -9999 -9999 -9999 -9999 -9999 -9999 -9999 -9999 -9999 -9999 15945.22 16324.83 16568.04 -9999 -9999 -9999 -9999 -9999 -9999 -9999 -9999 -9999 -9999 -9999 -9999 -9999 -9999 -9999 -9999 -9999 -9999 -9999 -9999 14577.38 14115.59 13656.5 13200.38 12747.55 12298.37 11853.27 11412.71 10977.25 10547.51 10124.23 9708.244 9300.538 8902.247 8514.693 8139.41 7778.175 7433.034 7106.335 6800.735 6519.203 6264.982 6041.523 5852.35 5700.877 5315.073 4949.748 4609.772 4301.163
-9999 -9999 -9999 -9999 -9999 -9999 -9999 -9999 -9999 -9999 -9999 -9999 -9999 -9999 -9999 -9999 -9999 -9999 -9999 -9999 -9999 -9999 -9999 -9999 -9999 -9999 -9999 -9999 -9999 -9999 -9999 -9999 -9999 -9999 -9999 -9999 -9999 -9999 -9999 14866.07 14396.18 13928.39 13462.91 13000 12539.94 12083.05 11629.7 11180.34 10735.46 10295.63 9861.541 9433.981 9013.878 8602.325 8200.609 7810.25 7433.034 7071.068 6726.812 6403.124 6103.278 5830.952 5590.17 5385.165 5220.153 5000 4609.772 4242.641 3905.125
-9999 -9999 -9999 -9999 -9999 -9999 -9999 -9999 -9999 -9999 -9999 -9999 -9999 -9999 -9999 -9999 -9999 -9999 -9999 -9999 -9999 -9999 -9999 -9999 -9999 -9999 -9999 -9999 -9999 -9999 -9999 -9999 -9999 -9999 -9999 -9999 -9999 -9999 -9999 14705.44 14230.25 13756.82 13285.33 12816.01 12349.09 11884.86 11423.66 10965.86 10511.9 10062.31 9617.692 9178.78 8746.428 8321.658 7905.694 7500 7106.335 6726.812 6363.961 6020.797 5700.877 5408.327 5147.815 4924.429 4743.417 4609.772 4301.163 3905.125 3535.534
-9999 -9999 -9999 -9999 -9999 -9999 -9999 -9999 -9999 -9999 -9999 -9999 -9999 -9999 -9999 -9999 -9999 -9999 -9999 -9999 -9999 -9999 -9999 -9999 -9999 -9999 -9999 -9999 -9999 -9999 -9999 -9999 -9999 -9999 -9999 -9999 -9999 -9999 -9999 -9999 14080.13 13601.47 13124.4 12649.11 12175.8 11704.7 11236.1 10770.33 10307.76 9848.857 9394.147 8944.271 8500 8062.258 7632.169 7211.103 6800.735 6403.124 6020.797 5656.854 5315.073 5000 4716.991 4472.136 4272.002 4123.105 4031.129 3605.551 3201.562
-9999 -9999 -9999 -9999 -9999 -9999 -9999 -9999 -9999 -9999 -9999 -9999 -9999 -9999 -9999 -9999 -9999 -9999 -9999 -9999 -9999 -9999 -9999 -9999 -9999 -9999 -9999 -9999 -9999 -9999 -9999 -9999 -9999 -9999 -9999 -9999 -9999 -9999 -9999 -9999 -9999 13462.91 12980.75 12500 12020.82 11543.4 11067.97 10594.81 10124.23 9656.604 9192.388 8732.125 8276.473 7826.238 7382.412 6946.222 6519.203 6103.278 5700.877 5315.073 4949.748 4609.772 4301.163 4031.129 3807.886 3640.055 3535.534 3354.102 2915.476
