lus_demo/data/Current_situation/Thematic_maps/Accessibility/dist_100kinhabitants_pc4_2009.asc
ncols         540
nrows         650
xllcorner     10000
yllcorner     300000
cellsize      500
NODATA_value  -9999
[rows 300 to 329 of 650, columns 469 to 535 of 540]
7943.319 7943.319 7943.319 7943.319 8243.615 8243.615 8243.615 8243.615 5135.073 5135.073 5479.662 5479.662 5479.662 5479.662 5403.896 5403.896 5403.896 5403.896 5403.896 4638.529 4638.529 4638.529 4638.529 4638.529 4638.529 5495.473 5495.473 5495.473 5495.473 5495.473 5495.473 6490.224 6490.224 6078.335 6078.335 6078.335 6078.335 6078.335 7691.407 7691.407 7691.407 7691.407 8980.559 8980.559 10707.7 10707.7 10707.7 10707.7 10707.7 -9999 -9999 -9999 -9999 -9999 -9999 -9999 -9999 -9999 -9999 -9999 -9999 -9999 -9999 -9999 -9999 -9999 -9999
8243.615 8243.615 8243.615 7509.172 7509.172 7509.172 7509.172 7509.172 7509.172 7509.172 7509.172 7509.172 5479.662 5479.662 5403.896 5403.896 5403.896 4482.468 4638.529 4638.529 4638.529 4638.529 4638.529 4638.529 4638.529 5495.473 5495.473 5495.473 5495.473 5495.473 5495.473 6078.335 6078.335 6078.335 6078.335 6078.335 6078.335 6078.335 7691.407 7691.407 7691.407 7691.407 8980.559 10707.7 10707.7 10707.7 10707.7 10707.7 10707.7 10707.7 -9999 -9999 -9999 -9999 -9999 -9999 -9999 -9999 -9999 -9999 -9999 -9999 -9999 -9999 -9999 -9999 -9999
8243.615 8243.615 8243.615 7509.172 7509.172 7509.172 7509.172 7509.172 7509.172 7509.172 7509.172 7509.172 7509.172 7509.172 7509.172 7509.172 5189.982 5189.982 4482.468 4638.529 4638.529 4638.529 4638.529 4638.529 4638.529 3923.583 3923.583 3923.583 5495.473 5495.473 5034.883 5034.883 6078.335 6078.335 6078.335 6078.335 6078.335 7691.407 7532.688 7532.688 7532.688 7691.407 8980.559 10707.7 10707.7 10707.7 10707.7 10707.7 10707.7 10707.7 -9999 -9999 -9999 -9999 -9999 -9999 -9999 -9999 -9999 -9999 -9999 -9999 -9999 -9999 -9999 -9999 -9999
8243.615 8243.615 8243.615 7509.172 7509.172 7509.172 7509.172 7509.172 7509.172 7509.172 7509.172 7509.172 7509.172 7509.172 7509.172 7509.172 5189.982 5189.982 5189.982 4482.468 4482.468 4638.529 4638.529 4638.529 4638.529 3923.583 3923.583 3923.583 5495.473 5034.883 5034.883 5034.883 6078.335 6078.335 6078.335 6078.335 6078.335 7532.688 7532.688 7532.688 7532.688 7532.688 8980.559 10707.7 10707.7 10707.7 10707.7 10707.7 10707.7 10707.7 -9999 -9999 -9999 -9999 -9999 -9999 -9999 -9999 -9999 -9999 -9999 -9999 -9999 -9999 -9999 -9999 -9999
10290.97 8243.615 7509.172 7509.172 7509.172 7509.172 7509.172 7509.172 7509.172 7509.172 6620.636 6620.636 5189.982 7509.172 7509.172 7509.172 5189.982 5189.982 5189.982 5189.982 4482.468 4482.468 4638.529 4638.529 4638.529 4638.529 3923.583 3923.583 3923.583 5034.883 5034.883 5034.883 6078.335 6078.335 6078.335 6078.335 6078.335 7532.688 7532.688 7532.688 7532.688 7532.688 10707.7 10707.7 10707.7 10707.7 10707.7 10707.7 -9999 -9999 -9999 -9999 -9999 -9999 -9999 -9999 -9999 -9999 -9999 -9999 -9999 -9999 -9999 -9999 -9999 -9999 -9999
10290.97 10290.97 7509.172 7509.172 7509.172 7509.172 7509.172 7509.172 7509.172 6620.636 6620.636 6620.636 6620.636 5189.982 5189.982 5189.982 5189.982 5189.982 5189.982 5189.982 5189.982 4482.468 4482.468 4482.468 4638.529 4638.529 3923.583 3923.583 5034.883 5034.883 5034.883 6078.335 5034.883 6078.335 6078.335 6078.335 6078.335 7532.688 7532.688 7532.688 7532.688 -9999 -9999 10707.7 10707.7 10707.7 -9999 -9999 -9999 -9999 -9999 -9999 -9999 -9999 -9999 -9999 -9999 -9999 -9999 -9999 -9999 -9999 -9999 -9999 -9999 -9999 -9999
10290.97 10290.97 7509.172 7509.172 7509.172 7509.172 7509.172 7509.172 7509.172 7509.172 6620.636 6620.636 5189.982 5189.982 5189.982 5189.982 5189.982 5189.982 5189.982 5189.982 5189.982 5189.982 4482.468 4482.468 4482.468 4272.463 4272.463 4272.463 4272.463 4437.77 4437.77 5034.883 6078.335 6078.335 6078.335 6078.335 6078.335 6078.335 7532.688 -9999 -9999 -9999 -9999 -9999 -9999 -9999 -9999 -9999 -9999 -9999 -9999 -9999 -9999 -9999 -9999 -9999 -9999 -9999 -9999 -9999 -9999 -9999 -9999 -9999 -9999 -9999 -9999
10290.97 7509.172 7509.172 7509.172 7509.172 7509.172 7509.172 7509.172 7509.172 6620.636 6620.636 6620.636 6620.636 5189.982 5189.982 5189.982 5189.982 5189.982 5189.982 5189.982 5189.982 5189.982 5189.982 4190.881 4027.081 4027.081 3797.981 3797.981 3797.981 4437.77 4437.77 6078.335 6078.335 6078.335 6078.335 6078.335 6078.335 6078.335 6078.335 -9999 -9999 -9999 -9999 -9999 -9999 -9999 -9999 -9999 -9999 -9999 -9999 -9999 -9999 -9999 -9999 -9999 -9999 -9999 -9999 -9999 -9999 -9999 -9999 -9999 -9999 -9999 -9999
10290.97 7509.172 7509.172 7509.172 7509.172 7509.172 7509.172 7509.172 6620.636 6620.636 6620.636 6620.636 6620.636 6620.636 5189.982 5189.982 5189.982 5189.982 5189.982 5189.982 4190.881 4190.881 4190.881 4190.881 4190.881 4027.081 3782.406 3782.406 3782.406 4347.557 4347.557 5839.056 5839.056 5839.056 5839.056 5839.056 5839.056 5839.056 5839.056 -9999 -9999 -9999 -9999 -9999 -9999 -9999 -9999 -9999 -9999 -9999 -9999 -9999 -9999 -9999 -9999 -9999 -9999 -9999 -9999 -9999 -9999 -9999 -9999 -9999 -9999 -9999 -9999
10290.97 7509.172 7509.172 7509.172 7509.172 7509.172 7509.172 7509.172 6620.636 6620.636 6620.636 6620.636 6620.636 6620.636 6620.636 5189.982 5189.982 5189.982 5189.982 5189.982 4190.881 4190.881 4190.881 4190.881 4190.881 4027.081 3782.406 3782.406 3367.93 4347.557 4347.557 4347.557 5839.056 5839.056 5839.056 5839.056 5839.056 5839.056 -9999 -9999 -9999 -9999 -9999 -9999 -9999 -9999 -9999 -9999 -9999 -9999 -9999 -9999 -9999 -9999 -9999 -9999 -9999 -9999 -9999 -9999 -9999 -9999 -9999 -9999 -9999 -9999 -9999
10290.97 10290.97 7509.172 7509.172 7509.172 7509.172 7509.172 7509.172 7509.172 6620.636 6620.636 6620.636 6620.636 6620.636 6620.636 6620.636 6620.636 5189.982 5189.982 4190.881 4190.881 4190.881 4190.881 3630.024 3630.024 3630.024 3367.93 3367.93 3367.93 4347.557 4347.557 4347.557 5839.056 5839.056 5839.056 5839.056 5839.056 5839.056 -9999 -9999 -9999 -9999 -9999 -9999 -9999 -9999 -9999 -9999 -9999 -9999 -9999 -9999 -9999 -9999 -9999 -9999 -9999 -9999 -9999 -9999 -9999 -9999 -9999 -9999 -9999 -9999 -9999
10290.97 10290.97 10851.56 7509.172 7509.172 7509.172 7509.172 7509.172 7509.172 6620.636 6620.636 6620.636 6620.636 6620.636 6620.636 6620.636 6620.636 6620.636 6620.636 6204.106 6204.106 4190.881 3630.024 3630.024 3630.024 3630.024 3367.93 3367.93 4858.339 4858.339 4347.557 5839.056 5839.056 5839.056 5839.056 5839.056 5839.056 -9999 -9999 -9999 -9999 -9999 -9999 -9999 -9999 -9999 -9999 -9999 -9999 -9999 -9999 -9999 -9999 -9999 -9999 -9999 -9999 -9999 -9999 -9999 -9999 -9999 -9999 -9999 -9999 -9999 -9999
10290.97 10851.56 10851.56 10851.56 10851.56 10851.56 7509.172 7509.172 7509.172 7509.172 6620.636 6620.636 6620.636 6620.636 6620.636 6620.636 6620.636 6620.636 6204.106 6204.106 6204.106 6204.106 6204.106 5839.056 5839.056 5839.056 5839.056 4858.339 4858.339 4858.339 4858.339 5961.487 5839.056 5839.056 5839.056 5839.056 5839.056 -9999 -9999 -9999 -9999 -9999 -9999 -9999 -9999 -9999 -9999 -9999 -9999 -9999 -9999 -9999 -9999 -9999 -9999 -9999 -9999 -9999 -9999 -9999 -9999 -9999 -9999 -9999 -9999 -9999 -9999
10851.56 10851.56 10851.56 10851.56 10851.56 10851.56 10851.56 10851.56 7509.172 7509.172 6620.636 6620.636 6620.636 6620.636 6620.636 6620.636 6620.636 6620.636 6204.106 6204.106 6204.106 6204.106 5839.056 5839.056 5839.056 5839.056 4858.339 4858.339 4858.339 4858.339 4858.339 5961.487 5961.487 5961.487 5839.056 5839.056 -9999 -9999 -9999 -9999 -9999 -9999 -9999 -9999 -9999 -9999 -9999 -9999 -9999 -9999 -9999 -9999 -9999 -9999 -9999 -9999 -9999 -9999 -9999 -9999 -9999 -9999 -9999 -9999 -9999 -9999 -9999
10851.56 10851.56 10851.56 10851.56 10851.56 10851.56 10851.56 10851.56 10851.56 10851.56 6620.636 6620.636 6620.636 6620.636 6620.636 6620.636 6620.636 6204.106 6204.106 6204.106 6204.106 6204.106 6204.106 5839.056 5839.056 5839.056 4858.339 4858.339 4858.339 4858.339 5961.487 5961.487 5961.487 5961.487 5961.487 5961.487 -9999 -9999 -9999 -9999 -9999 -9999 -9999 -9999 -9999 -9999 -9999 -9999 -9999 -9999 -9999 -9999 -9999 -9999 -9999 -9999 -9999 -9999 -9999 -9999 -9999 -9999 -9999 -9999 -9999 -9999 -9999
10851.56 10851.56 10851.56 10851.56 10851.56 10851.56 10851.56 10851.56 10851.56 10851.56 10851.56 6620.636 6620.636 6620.636 6620.636 6204.106 6204.106 6204.106 6204.106 6204.106 6204.106 6204.106 6204.106 5839.056 5839.056 5839.056 4858.339 4858.339 4858.339 4858.339 5961.487 5961.487 5961.487 5961.487 5961.487 -9999 -9999 -9999 -9999 -9999 -9999 -9999 -9999 -9999 -9999 -9999 -9999 -9999 -9999 -9999 -9999 -9999 -9999 -9999 -9999 -9999 -9999 -9999 -9999 -9999 -9999 -9999 -9999 -9999 -9999 -9999 -9999
10851.56 10851.56 10851.56 10851.56 10851.56 10851.56 10851.56 10851.56 10851.56 10851.56 10517.21 10517.21 6620.636 6620.636 6204.106 6204.106 6204.106 6204.106 6204.106 6204.106 6204.106 6204.106 5839.056 5839.056 5839.056 5839.056 4858.339 4858.339 4858.339 4858.339 5961.487 5961.487 5961.487 -9999 -9999 -9999 -9999 -9999 -9999 -9999 -9999 -9999 -9999 -9999 -9999 -9999 -9999 -9999 -9999 -9999 -9999 -9999 -9999 -9999 -9999 -9999 -9999 -9999 -9999 -9999 -9999 -9999 -9999 -9999 -9999 -9999 -9999
10851.56 10851.56 10851.56 10851.56 10851.56 10851.56 10851.56 10851.56 10851.56 10851.56 10517.21 10517.21 10517.21 6204.106 6204.106 6204.106 6204.106 6204.106 6204.106 6204.106 6204.106 5839.056 5839.056 5839.056 5839.056 5839.056 5839.056 4858.339 4858.339 -9999 -9999 -9999 -9999 -9999 -9999 -9999 -9999 -9999 -9999 -9999 -9999 -9999 -9999 -9999 -9999 -9999 -9999 -9999 -9999 -9999 -9999 -9999 -9999 -9999 -9999 -9999 -9999 -9999 -9999 -9999 -9999 -9999 -9999 -9999 -9999 -9999 -9999
10851.56 10851.56 10851.56 10219.77 10219.77 10219.77 10851.56 10851.56 10851.56 10517.21 10517.21 10517.21 10517.21 10517.21 6204.106 6204.106 6204.106 6204.106 6204.106 6204.106 6204.106 5839.056 5839.056 5839.056 5839.056 5839.056 5839.056 5839.056 4858.339 -9999 -9999 -9999 -9999 -9999 -9999 -9999 -9999 -9999 -9999 -9999 -9999 -9999 -9999 -9999 -9999 -9999 -9999 -9999 -9999 -9999 -9999 -9999 -9999 -9999 -9999 -9999 -9999 -9999 -9999 -9999 -9999 -9999 -9999 -9999 -9999 -9999 -9999
10851.56 10851.56 10851.56 10219.77 10219.77 10219.77 10851.56 10851.56 10517.21 10517.21 10517.21 10517.21 10517.21 10517.21 10517.21 10517.21 10517.21 10517.21 10517.21 10517.21 10517.21 6204.106 5839.056 5839.056 5839.056 5839.056 5839.056 5839.056 -9999 -9999 -9999 -9999 -9999 -9999 -9999 -9999 -9999 -9999 -9999 -9999 -9999 -9999 -9999 -9999 -9999 -9999 -9999 -9999 -9999 -9999 -9999 -9999 -9999 -9999 -9999 -9999 -9999 -9999 -9999 -9999 -9999 -9999 -9999 -9999 -9999 -9999 -9999
10851.56 10851.56 10851.56 10851.56 10851.56 10219.77 10851.56 10517.21 10517.21 10517.21 10517.21 10517.21 10517.21 10517.21 10517.21 10517.21 10517.21 10517.21 10517.21 10517.21 10517.21 10517.21 10517.21 10517.21 10517.21 10517.21 5839.056 -9999 -9999 -9999 -9999 -9999 -9999 -9999 -9999 -9999 -9999 -9999 -9999 -9999 -9999 -9999 -9999 -9999 -9999 -9999 -9999 -9999 -9999 -9999 -9999 -9999 -9999 -9999 -9999 -9999 -9999 -9999 -9999 -9999 -9999 -9999 -9999 -9999 -9999 -9999 -9999
10851.56 10851.56 10851.56 10851.56 10851.56 10851.56 10517.21 10517.21 10517.21 10517.21 10517.21 10517.21 10517.21 10517.21 10517.21 10517.21 10517.21 10517.21 10517.21 10517.21 10517.21 10517.21 10517.21 10517.21 10517.21 10517.21 -9999 -9999 -9999 -9999 -9999 -9999 -9999 -9999 -9999 -9999 -9999 -9999 -9999 -9999 -9999 -9999 -9999 -9999 -9999 -9999 -9999 -9999 -9999 -9999 -9999 -9999 -9999 -9999 -9999 -9999 -9999 -9999 -9999 -9999 -9999 -9999 -9999 -9999 -9999 -9999 -9999
10851.56 10851.56 10851.56 10851.56 10517.21 10517.21 10517.21 10517.21 10517.21 10517.21 10517.21 10517.21 10517.21 10517.21 10517.21 10517.21 10517.21 10517.21 10517.21 10517.21 10517.21 10517.21 10517.21 10517.21 10517.21 -9999 -9999 -9999 -9999 -9999 -9999 -9999 -9999 -9999 -9999 -9999 -9999 -9999 -9999 -9999 -9999 -9999 -9999 -9999 -9999 -9999 -9999 -9999 -9999 -9999 -9999 -9999 -9999 -9999 -9999 -9999 -9999 -9999 -9999 -9999 -9999 -9999 -9999 -9999 -9999 -9999 -9999
10851.56 10517.21 10517.21 10517.21 10517.21 10517.21 10517.21 10517.21 10517.21 10517.21 10517.21 10517.21 10517.21 10517.21 10517.21 10517.21 10517.21 10517.21 10517.21 10517.21 10517.21 10517.21 10517.21 10517.21 10517.21 -9999 -9999 -9999 -9999 -9999 -9999 -9999 -9999 -9999 -9999 -9999 -9999 -9999 -9999 -9999 -9999 -9999 -9999 -9999 -9999 -9999 -9999 -9999 -9999 -9999 -9999 -9999 -9999 -9999 -9999 -9999 -9999 -9999 -9999 -9999 -9999 -9999 -9999 -9999 -9999 -9999 -9999
10517.21 10517.21 10517.21 10517.21 10517.21 10517.21 10517.21 10517.21 10517.21 10517.21 10517.21 10517.21 10517.21 10517.21 10517.21 10517.21 10517.21 10517.21 10517.21 10517.21 10517.21 10517.21 10517.21 10517.21 10517.21 -9999 -9999 -9999 -9999 -9999 -9999 -9999 -9999 -9999 -9999 -9999 -9999 -9999 -9999 -9999 -9999 -9999 -9999 -9999 -9999 -9999 -9999 -9999 -9999 -9999 -9999 -9999 -9999 -9999 -9999 -9999 -9999 -9999 -9999 -9999 -9999 -9999 -9999 -9999 -9999 -9999 -9999
10517.21 10517.21 10517.21 10517.21 10517.21 10517.21 10517.21 10517.21 10517.21 10517.21 10517.21 10517.21 10517.21 10517.21 10517.21 10517.21 10517.21 10517.21 10517.21 10517.21 10517.21 10517.21 10517.21 10517.21 10517.21 -9999 -9999 -9999 -9999 -9999 -9999 -9999 -9999 -9999 -9999 -9999 -9999 -9999 -9999 -9999 -9999 -9999 -9999 -9999 -9999 -9999 -9999 -9999 -9999 -9999 -9999 -9999 -9999 -9999 -9999 -9999 -9999 -9999 -9999 -9999 -9999 -9999 -9999 -9999 -9999 -9999 -9999
10517.21 10517.21 10517.21 10517.21 10517.21 10517.21 10517.21 10517.21 10517.21 10517.21 10517.21 10517.21 10517.21 10517.21 10517.21 10517.21 10517.21 10517.21 10517.21 10517.21 10517.21 10517.21 10517.21 10517.21 10517.21 -9999 -9999 -9999 -9999 -9999 -9999 -9999 -9999 -9999 -9999 -9999 -9999 -9999 -9999 -9999 -9999 -9999 -9999 -9999 -9999 -9999 -9999 -9999 -9999 -9999 -9999 -9999 -9999 -9999 -9999 -9999 -9999 -9999 -9999 -9999 -9999 -9999 -9999 -9999 -9999 -9999 -9999
10517.21 10517.21 10517.21 10517.21 10517.21 10517.21 10517.21 10517.21 10517.21 10517.21 10517.21 10517.21 10517.21 10517.21 10517.21 10517.21 10517.21 10517.21 10517.21 10517.21 10517.21 10517.21 10517.21 10517.21 -9999 -9999 -9999 -9999 -9999 -9999 -9999 -9999 -9999 -9999 -9999 -9999 -9999 -9999 -9999 -9999 -9999 -9999 -9999 -9999 -9999 -9999 -9999 -9999 -9999 -9999 -9999 -9999 -9999 -9999 -9999 -9999 -9999 -9999 -9999 -9999 -9999 -9999 -9999 -9999 -9999 -9999 -9999
10517.21 10517.21 10517.21 10517.21 10517.21 10517.21 10517.21 10517.21 10517.21 10517.21 10517.21 10517.21 10517.21 10517.21 10517.21 10517.21 10517.21 10517.21 10517.21 10517.21 10517.21 10517.21 10517.21 -9999 -9999 -9999 -9999 -9999 -9999 -9999 -9999 -9999 -9999 -9999 -9999 -9999 -9999 -9999 -9999 -9999 -9999 -9999 -9999 -9999 -9999 -9999 -9999 -9999 -9999 -9999 -9999 -9999 -9999 -9999 -9999 -9999 -9999 -9999 -9999 -9999 -9999 -9999 -9999 -9999 -9999 -9999 -9999
13159.71 10517.21 10517.21 10517.21 10517.21 10517.21 10517.21 10517.21 10517.21 10517.21 10517.21 10517.21 10517.21 10517.21 10517.21 10517.21 10517.21 10517.21 10517.21 10517.21 10517.21 10517.21 -9999 -9999 -9999 -9999 -9999 -9999 -9999 -9999 -9999 -9999 -9999 -9999 -9999 -9999 -9999 -9999 -9999 -9999 -9999 -9999 -9999 -9999 -9999 -9999 -9999 -9999 -9999 -9999 -9999 -9999 -9999 -9999 -9999 -9999 -9999 -9999 -9999 -9999 -9999 -9999 -9999 -9999 -9999 -9999 -9999
