lus_demo/data/Current_situation/Thematic_maps/Accessibility/dist_highway_entries_2012.asc
ncols         540
nrows         650
xllcorner     10000
yllcorner     300000
cellsize      500
NODATA_value  -9999
[rows 434 to 464 of 650, columns 69 to 137 of 540]
-9999 -9999 -9999 -9999 -9999 -9999 -9999 -9999 -9999 -9999 -9999 -9999 -9999 10307.76 10511.9 10735.46 10977.25 11236.1 11510.86 11800.42 12103.72 12419.74 12747.55 13086.25 13341.66 12854.96 12369.32 11884.86 11401.75 10920.17 10440.31 9962.43 9486.833 9013.878 8544.004 8077.747 7615.773 7158.911 6708.204 6264.982 5830.952 5408.327 5000 -9999 -9999 3905.125 3605.551 3354.102 -9999 -9999 -9999 3041.381 3162.278 3354.102 3605.551 3905.125 -9999 -9999 -9999 -9999 -9999 -9999 -9999 -9999 -9999 -9999 8077.747 7615.773 7158.911
-9999 -9999 -9999 -9999 -9999 -9999 -9999 -9999 -9999 -9999 -9999 -9999 -9999 -9999 10965.86 11180.34 11412.71 11661.9 11926.86 12206.56 12500 12806.25 13124.4 13453.62 13462.91 12980.75 12500 12020.82 11543.4 11067.97 10594.81 10124.23 9656.604 9192.388 8732.125 8276.473 7826.238 7382.412 6946.222 6519.203 6103.278 5700.877 -9999 -9999 4609.772 4301.163 4031.129 3807.886 3640.055 3535.534 3500 -9999 -9999 -9999 4031.129 4301.163 4609.772 -9999 -9999 -9999 -9999 6519.203 6946.222 -9999 -9999 -9999 -9999 -9999 -9999
-9999 -9999 -9999 -9999 -9999 -9999 -9999 -9999 -9999 -9999 -9999 -9999 -9999 -9999 11423.66 11629.7 11853.27 12093.39 12349.09 12619.43 12903.49 13200.38 13509.26 13829.32 13601.47 13124.4 12649.11 12175.8 11704.7 11236.1 10770.33 10307.76 9848.857 9394.147 8944.271 8500 8062.258 7632.169 7211.103 6800.735 -9999 -9999 -9999 -9999 5000 4716.991 4472.136 4272.002 4123.105 4031.129 4000 4031.129 4123.105 -9999 -9999 4716.991 5000 5315.073 -9999 -9999 -9999 6800.735 7211.103 -9999 -9999 -9999 -9999 -9999 -9999
-9999 -9999 -9999 -9999 -9999 -9999 -9999 -9999 -9999 -9999 -9999 -9999 -9999 -9999 -9999 12083.05 12298.37 12529.96 12776.93 13038.41 13313.53 13601.47 13901.44 14212.67 13756.82 13285.33 12816.01 12349.09 11884.86 11423.66 10965.86 10511.9 10062.31 9617.692 9178.78 8746.428 8321.658 7905.694 7500 7106.335 -9999 -9999 -9999 5700.877 5408.327 5147.815 4924.429 4743.417 4609.772 4527.692 4500 4527.692 4609.772 4743.417 -9999 -9999 5408.327 5700.877 6020.797 6363.961 -9999 -9999 -9999 -9999 -9999 -9999 7382.412 7158.911 6670.832
-9999 -9999 -9999 -9999 -9999 -9999 -9999 -9999 -9999 -9999 -9999 -9999 -9999 -9999 -9999 -9999 12747.55 12971.12 13209.84 -9999 -9999 14008.93 14300.35 14396.18 13928.39 13462.91 13000 12539.94 12083.05 11629.7 11180.34 10735.46 10295.63 9861.541 9433.981 9013.878 8602.325 8200.609 7810.25 -9999 -9999 -9999 -9999 6103.278 5830.952 5590.17 5385.165 5220.153 5099.02 5024.938 5000 5024.938 5099.02 5220.153 5385.165 5590.17 5830.952 6103.278 6403.124 6726.812 7071.068 7433.034 7810.25 7810.25 7500 7211.103 6946.222 6708.204 6500
-9999 -9999 -9999 -9999 -9999 -9999 -9999 -9999 -9999 -9999 -9999 -9999 -9999 -9999 -9999 -9999 -9999 -9999 -9999 -9999 -9999 14422.21 14705.44 14577.38 14115.59 13656.5 13200.38 12747.55 12298.37 11853.27 11412.71 10977.25 10547.51 10124.23 9708.244 -9999 -9999 -9999 -9999 -9999 -9999 -9999 -9999 -9999 6264.982 6041.523 5852.35 5700.877 5590.17 5522.681 5500 5522.681 5590.17 5700.877 5852.35 6041.523 6264.982 6519.203 6800.735 7106.335 7433.034 7778.175 7778.175 7433.034 7106.335 6800.735 6519.203 6264.982 6041.523
-9999 -9999 -9999 -9999 -9999 -9999 -9999 -9999 -9999 -9999 -9999 -9999 -9999 -9999 -9999 -9999 -9999 -9999 -9999 -9999 -9999 14840.82 15116.22 14773.29 14317.82 13865.42 13416.41 12971.12 12529.96 12093.39 11661.9 11236.1 10816.65 -9999 -9999 -9999 -9999 -9999 -9999 -9999 -9999 -9999 -9999 -9999 -9999 6500 6324.555 6184.658 6082.763 6020.797 6000 6020.797 6082.763 6184.658 6324.555 6500 6708.204 6946.222 7211.103 7500 7810.25 7810.25 7433.034 7071.068 6726.812 6403.124 6103.278 5830.952 5590.17
-9999 -9999 -9999 -9999 -9999 -9999 -9999 -9999 -9999 -9999 -9999 -9999 -9999 -9999 -9999 -9999 -9999 -9999 -9999 -9999 -9999 -9999 -9999 14983.32 14534.44 14089 13647.34 13209.84 12776.93 12349.09 11926.86 -9999 -9999 -9999 -9999 -9999 -9999 -9999 -9999 -9999 -9999 -9999 -9999 -9999 -9999 -9999 6800.735 6670.832 6576.473 6519.203 6500 6519.203 6576.473 6670.832 6800.735 6964.194 7158.911 7382.412 7632.169 7905.694 7905.694 7500 7106.335 6726.812 6363.961 6020.797 5700.877 5408.327 5147.815
-9999 -9999 -9999 -9999 -9999 -9999 -9999 -9999 -9999 -9999 -9999 -9999 -9999 -9999 -9999 -9999 -9999 -9999 -9999 -9999 -9999 -9999 -9999 -9999 -9999 -9999 -9999 -9999 -9999 -9999 -9999 -9999 -9999 -9999 -9999 -9999 -9999 -9999 -9999 -9999 -9999 -9999 -9999 -9999 -9999 -9999 7280.11 7158.911 7071.068 7017.834 7000 7017.834 -9999 7158.911 7280.11 7433.034 7615.773 7826.238 8062.258 8062.258 7632.169 7211.103 6800.735 6403.124 6020.797 5656.854 5315.073 5000 4716.991
-9999 -9999 -9999 -9999 -9999 -9999 -9999 -9999 -9999 -9999 -9999 -9999 -9999 -9999 -9999 -9999 -9999 -9999 -9999 -9999 -9999 -9999 -9999 -9999 -9999 -9999 -9999 -9999 -9999 -9999 -9999 -9999 -9999 -9999 -9999 -9999 -9999 -9999 9604.687 9300.538 9013.878 8746.428 -9999 -9999 -9999 -9999 -9999 -9999 -9999 -9999 -9999 -9999 -9999 7648.529 7762.087 7905.694 8077.747 8276.473 8276.473 7826.238 7382.412 6946.222 6519.203 6103.278 5700.877 5315.073 4949.748 4609.772 4301.163
7211.103 7632.169 8062.258 8500 8944.271 9394.147 9848.857 10307.76 -9999 -9999 -9999 -9999 -9999 -9999 -9999 -9999 -9999 -9999 -9999 -9999 -9999 -9999 -9999 -9999 -9999 -9999 -9999 -9999 -9999 -9999 -9999 -9999 -9999 -9999 -9999 -9999 10630.15 10307.76 10000 9708.244 9433.981 9178.78 8944.271 -9999 -9999 -9999 -9999 -9999 -9999 -9999 -9999 8015.61 -9999 8139.41 8246.211 8381.527 8544.004 8544.004 8077.747 7615.773 7158.911 6708.204 6264.982 5830.952 5408.327 5000 4609.772 4242.641 3905.125
7500 7905.694 8321.658 8746.428 9178.78 9617.692 10062.31 10511.9 10965.86 11423.66 -9999 -9999 -9999 -9999 -9999 -9999 -9999 -9999 -9999 -9999 -9999 -9999 -9999 -9999 -9999 -9999 -9999 -9999 -9999 -9999 -9999 -9999 -9999 12020.82 11672.62 11335.78 11011.36 10700.47 10404.33 10124.23 9861.541 9617.692 9394.147 9192.388 9013.878 8860.022 -9999 8631.338 8558.621 8514.693 8500 8514.693 8558.621 8631.338 8732.125 8860.022 8860.022 8381.527 7905.694 7433.034 6964.194 6500 6041.523 5590.17 5147.815 4716.991 4301.163 3905.125 3535.534
7810.25 8200.609 8602.325 9013.878 9433.981 9861.541 10295.63 10735.46 11180.34 11629.7 12083.05 -9999 -9999 -9999 -9999 -9999 -9999 -9999 -9999 -9999 -9999 -9999 -9999 -9999 -9999 -9999 -9999 -9999 -9999 -9999 -9999 13086.25 12727.92 12379.42 12041.59 11715.38 11401.75 11101.8 10816.65 10547.51 10295.63 10062.31 9848.857 9656.604 9486.833 9340.771 9219.545 9124.144 9055.385 9013.878 9000 9013.878 9055.385 9124.144 9219.545 9192.388 8732.125 8246.211 7762.087 7280.11 6800.735 6324.555 5852.35 5385.165 4924.429 4472.136 4031.129 3605.551 3201.562
8139.41 8514.693 8902.247 9300.538 9708.244 10124.23 10547.51 10977.25 11412.71 11853.27 12298.37 -9999 -9999 -9999 -9999 -9999 -9999 -9999 -9999 -9999 -9999 -9999 -9999 -9999 -9999 -9999 -9999 13601.47 13756.82 13928.39 13793.11 13435.03 13086.25 12747.55 12419.74 12103.72 11800.42 11510.86 11236.1 10977.25 10735.46 10511.9 10307.76 10124.23 9962.43 9823.441 9708.244 9617.692 9552.486 9513.148 9500 9513.148 9552.486 9604.687 9219.545 8845.903 8485.281 8139.41 7648.529 7158.911 6670.832 6184.658 5700.877 5220.153 4743.417 4272.002 3807.886 3354.102 2915.476
8485.281 8845.903 9219.545 9604.687 10000 10404.33 10816.65 11236.1 11423.66 11629.7 11853.27 12093.39 -9999 -9999 -9999 -9999 -9999 -9999 -9999 -9999 -9999 -9999 -9999 -9999 -9999 -9999 -9999 13124.4 13285.33 13462.91 13656.5 13793.11 13453.62 13124.4 12806.25 12500 12206.56 11926.86 11661.9 11412.71 11180.34 10965.86 10770.33 10594.81 10440.31 10307.76 10198.04 10111.87 10049.88 10012.49 10000 10012.49 9708.244 9300.538 8902.247 8514.693 8139.41 7778.175 7433.034 7071.068 6576.473 6082.763 5590.17 5099.02 4609.772 4123.105 3640.055 3162.278 2692.583
8845.903 9192.388 9552.486 9924.717 10307.76 10440.31 10594.81 10770.33 10965.86 11180.34 11412.71 11661.9 -9999 -9999 -9999 -9999 -9999 -9999 -9999 -9999 -9999 -9999 -9999 -9999 -9999 -9999 12500 12649.11 12816.01 13000 13200.38 13341.66 13462.91 13509.26 13200.38 12903.49 12619.43 12349.09 12093.39 11853.27 11629.7 11423.66 11236.1 11067.97 10920.17 10793.52 10688.78 10606.6 10547.51 10511.9 10295.63 9861.541 9433.981 9013.878 8602.325 8200.609 7810.25 7433.034 7071.068 6726.812 6403.124 6020.797 5522.681 5024.938 4527.692 4031.129 3535.534 3041.381 2549.51
9219.545 9552.486 9617.692 9708.244 9823.441 9962.43 10124.23 10307.76 10511.9 10735.46 10977.25 11236.1 11510.86 -9999 -9999 -9999 -9999 -9999 -9999 -9999 -9999 -9999 -9999 -9999 -9999 -9999 -9999 12175.8 12349.09 12539.94 12747.55 12854.96 12980.75 13038.41 13086.25 13152.95 13038.41 12776.93 12529.96 12298.37 12083.05 11884.86 11704.7 11543.4 11401.75 11280.51 11180.34 11101.8 10965.86 10511.9 10062.31 9617.692 9178.78 8746.428 8321.658 7905.694 7500 7106.335 6726.812 6363.961 6020.797 5700.877 5408.327 5000 4500 4000 3500 3000 2500
9013.878 9055.385 9124.144 9219.545 9340.771 9486.833 9656.604 9848.857 10062.31 10295.63 10547.51 10816.65 11101.8 11401.75 -9999 -9999 -9999 -9999 -9999 -9999 -9999 -9999 -9999 -9999 -9999 -9999 -9999 -9999 -9999 -9999 12257.65 12369.32 12500 12539.94 12589.68 12658.99 12747.55 12854.96 12971.12 12747.55 12539.94 12349.09 12175.8 12020.82 11884.86 11768.6 11672.62 11236.1 10770.33 10307.76 9848.857 9394.147 8944.271 8500 8062.258 7632.169 7211.103 6800.735 6403.124 6020.797 5656.854 5315.073 5000 4716.991 4472.136 4031.129 3535.534 3041.381 2549.51
8514.693 8558.621 8631.338 8732.125 8860.022 9013.878 9192.388 9394.147 9617.692 9861.541 10124.23 10404.33 10700.47 10920.17 -9999 -9999 -9999 -9999 -9999 -9999 -9999 -9999 -9999 -9999 -9999 -9999 -9999 -9999 -9999 -9999 -9999 11884.86 12010.41 12041.59 12093.39 12165.53 12257.65 12369.32 12500 12649.11 12816.01 12816.01 12649.11 12500 12369.32 12020.82 11543.4 11067.97 10594.81 10124.23 9656.604 9192.388 8732.125 8276.473 7826.238 7382.412 6946.222 6519.203 6103.278 5700.877 5315.073 4949.748 4609.772 4301.163 4031.129 3807.886 3640.055 3162.278 2692.583
8015.61 8062.258 8139.41 8246.211 8381.527 8544.004 8732.125 8944.271 9178.78 9433.981 9708.244 10000 10307.76 10440.31 10307.76 -9999 -9999 -9999 -9999 -9999 -9999 -9999 -9999 -9999 -9999 -9999 -9999 -9999 -9999 -9999 -9999 -9999 11510.86 11543.4 11597.41 11672.62 11768.6 11884.86 12020.82 12175.8 12349.09 12539.94 12747.55 12854.96 12369.32 11884.86 11401.75 10920.17 10440.31 9962.43 9486.833 9013.878 8544.004 8077.747 7615.773 7158.911 6708.204 6264.982 5830.952 5408.327 5000 4609.772 4242.641 3905.125 3605.551 3354.102 3162.278 3041.381 2915.476
7516.648 7566.373 7648.529 7762.087 7905.694 8077.747 8276.473 8500 8746.428 9013.878 9300.538 9604.687 9924.717 9962.43 -9999 -9999 -9999 -9999 -9999 -9999 -9999 -9999 -9999 -9999 -9999 -9999 -9999 -9999 -9999 -9999 -9999 -9999 -9999 11045.36 11101.8 11180.34 11280.51 11401.75 11543.4 11704.7 11884.86 12083.05 12298.37 12529.96 12257.65 11768.6 11280.51 10793.52 10307.76 9823.441 9340.771 8860.022 8381.527 7905.694 7433.034 6964.194 6500 6041.523 5590.17 5147.815 4716.991 4301.163 3905.125 3535.534 3201.562 2915.476 2692.583 2549.51 2500
7017.834 7071.068 7158.911 7280.11 7433.034 7615.773 7826.238 8062.258 8321.658 8602.325 8902.247 -9999 -9999 -9999 -9999 -9999 -9999 -9999 -9999 -9999 -9999 -9999 -9999 -9999 -9999 -9999 -9999 -9999 -9999 -9999 -9999 -9999 10511.9 10547.51 10606.6 10688.78 10793.52 10920.17 11067.97 11236.1 11423.66 11629.7 11853.27 12093.39 12165.53 11672.62 11180.34 10688.78 10198.04 9708.244 9219.545 8732.125 8246.211 7762.087 7280.11 6800.735 6324.555 5852.35 5385.165 4924.429 4472.136 4031.129 3605.551 3201.562 2828.427 2500 2236.068 2061.553 2000
6519.203 6576.473 6670.832 6800.735 6964.194 7158.911 -9999 7632.169 7905.694 8200.609 -9999 -9999 -9999 -9999 -9999 -9999 -9999 -9999 -9999 -9999 -9999 -9999 -9999 -9999 -9999 -9999 -9999 -9999 -9999 -9999 -9999 -9999 -9999 -9999 -9999 10198.04 10307.76 10440.31 10594.81 10770.33 10965.86 11180.34 11412.71 11661.9 11926.86 11597.41 11101.8 10606.6 10111.87 9617.692 9124.144 8631.338 8139.41 7648.529 7158.911 6670.832 6184.658 5700.877 5220.153 4743.417 4272.002 3807.886 3354.102 2915.476 2500 2121.32 1802.776 1581.139 1500
6020.797 6082.763 6184.658 6324.555 6500 6708.204 6946.222 7211.103 7500 7810.25 -9999 -9999 -9999 -9999 -9999 -9999 -9999 -9999 -9999 -9999 -9999 -9999 -9999 -9999 -9999 -9999 -9999 -9999 -9999 -9999 -9999 -9999 -9999 -9999 -9999 -9999 9823.441 9962.43 10124.23 10307.76 10511.9 10735.46 10977.25 11236.1 11510.86 11543.4 11045.36 10547.51 10049.88 9552.486 9055.385 8558.621 8062.258 7566.373 7071.068 6576.473 6082.763 5590.17 5099.02 4609.772 4123.105 3640.055 3162.278 2692.583 2236.068 1802.776 1414.214 1118.034 1000
5522.681 5590.17 5700.877 5852.35 6041.523 6264.982 6519.203 6800.735 7106.335 7433.034 -9999 8139.41 8276.473 8077.747 7905.694 7762.087 7648.529 7566.373 7516.648 -9999 -9999 -9999 -9999 -9999 -9999 -9999 -9999 -9999 -9999 -9999 -9999 -9999 -9999 -9999 -9999 -9999 -9999 9486.833 9656.604 9848.857 10062.31 10295.63 10547.51 10816.65 11101.8 11401.75 11011.36 10511.9 10012.49 9513.148 9013.878 8514.693 8015.61 7516.648 7017.834 6519.203 6020.797 5522.681 5024.938 4527.692 4031.129 3535.534 3041.381 2549.51 2061.553 1581.139 1118.034 707.1068 500
5024.938 5099.02 5220.153 5385.165 5590.17 5830.952 6103.278 6403.124 6726.812 7071.068 7433.034 7810.25 7826.238 7615.773 7433.034 7280.11 7158.911 7071.068 7017.834 -9999 -9999 -9999 -9999 -9999 -9999 -9999 -9999 -9999 -9999 -9999 -9999 -9999 -9999 -9999 -9999 -9999 -9999 9013.878 9192.388 9394.147 9617.692 9861.541 10124.23 10404.33 10700.47 11011.36 11000 10500 10000 9500 9000 8500 8000 7500 7000 6500 6000 5500 5000 4500 4000 3500 3000 2500 2000 1500 1000 500 0
4527.692 4609.772 4743.417 4924.429 5147.815 5408.327 5700.877 6020.797 6363.961 6726.812 7106.335 7500 7382.412 7158.911 6964.194 6800.735 6670.832 6576.473 6519.203 -9999 -9999 -9999 -9999 -9999 -9999 -9999 -9999 -9999 -9999 -9999 -9999 -9999 -9999 -9999 -9999 -9999 -9999 8544.004 8732.125 8944.271 9178.78 9433.981 9708.244 10000 10307.76 10630.15 10965.86 10511.9 10012.49 9513.148 9013.878 8514.693 8015.61 7516.648 7017.834 6519.203 6020.797 5522.681 5024.938 4527.692 4031.129 3535.534 3041.381 2549.51 2061.553 1581.139 1118.034 707.1068 500
4031.129 4123.105 4272.002 4472.136 4716.991 5000 5315.073 5656.854 6020.797 6403.124 6800.735 7211.103 6946.222 6708.204 6500 6324.555 6184.658 6082.763 6020.797 6000 -9999 6082.763 6184.658 6324.555 -9999 -9999 -9999 -9999 -9999 -9999 -9999 -9999 -9999 -9999 -9999 -9999 -9999 -9999 8276.473 8500 8746.428 9013.878 9300.538 9604.687 9924.717 10259.14 10606.6 10547.51 10049.88 9552.486 9055.385 8558.621 8062.258 7566.373 7071.068 6576.473 6082.763 5590.17 5099.02 4609.772 4123.105 3640.055 3162.278 2692.583 2236.068 1802.776 1414.214 1118.034 1000
3535.534 3640.055 3807.886 4031.129 4301.163 4609.772 4949.748 5315.073 5700.877 6103.278 6519.203 6800.735 6519.203 6264.982 6041.523 5852.35 5700.877 5590.17 5522.681 5500 5522.681 5590.17 5700.877 5852.35 6041.523 6264.982 6519.203 -9999 -9999 -9999 -9999 -9999 -9999 -9999 -9999 -9999 -9999 -9999 -9999 -9999 -9999 8602.325 8902.247 9219.545 9552.486 9899.495 10259.14 10606.6 10111.87 9617.692 9124.144 8631.338 8139.41 7648.529 7158.911 6670.832 6184.658 5700.877 5220.153 4743.417 4272.002 3807.886 3354.102 2915.476 2500 2121.32 1802.776 1581.139 1500
3041.381 3162.278 3354.102 3605.551 3905.125 4242.641 4609.772 5000 5408.327 5830.952 6264.982 6403.124 6103.278 5830.952 5590.17 5385.165 5220.153 5099.02 5024.938 5000 5024.938 5099.02 5220.153 5385.165 5590.17 5830.952 6020.797 6082.763 6184.658 6324.555 -9999 -9999 -9999 -9999 -9999 -9999 -9999 -9999 -9999 -9999 -9999 -9999 -9999 -9999 -9999 -9999 -9999 -9999 10198.04 -9999 -9999 8732.125 8246.211 7762.087 7280.11 6800.735 6324.555 5852.35 5385.165 4924.429 4472.136 4031.129 3605.551 3201.562 2828.427 2500 2236.068 2061.553 2000
2549.51 2692.583 2915.476 3201.562 3535.534 3905.125 4301.163 4716.991 5147.815 5590.17 6041.523 6020.797 5700.877 5408.327 5147.815 4924.429 4743.417 4609.772 4527.692 4500 4527.692 4609.772 4743.417 4924.429 5147.815 5408.327 5522.681 5590.17 5700.877 5852.35 6020.797 -9999 -9999 -9999 -9999 -9999 -9999 -9999 -9999 -9999 -9999 -9999 -9999 -9999 -9999 -9999 -9999 -9999 -9999 -9999 -9999 -9999 8381.527 7905.694 7433.034 6964.194 6500 6041.523 5590.17 5147.815 4716.991 4301.163 3905.125 3535.534 3201.562 2915.476 2692.583 2236.068 1802.776
