lus_demo/data/Current_situation/Thematic_maps/Accessibility/dist_100kinhabitants_pc4_2009.asc
ncols         540
nrows         650
xllcorner     10000
yllcorner     300000
cellsize      500
NODATA_value  -9999
[rows 90 to 119 of 650, columns 402 to 468 of 540]
12513.37 12513.37 12513.37 12513.37 13047.82 13047.82 13047.82 13047.82 13047.82 13047.82 12636.4 12636.4 12482.49 12482.49 11716.31 11716.31 12110.85 12110.85 12110.85 10166.63 10166.63 10166.63 10166.63 10166.63 10166.63 7791.774 7791.774 7791.774 7791.774 7791.774 7791.774 7791.774 6585.201 6585.201 6585.201 6585.201 5469.213 7930.462 5469.213 3188.932 3188.932 3188.932 3188.932 4153.448 4153.448 3745.13 3745.13 3631.758 3631.758 3631.758 4534.14 4534.14 4534.14 4534.14 4534.14 4534.14 4534.14 4534.14 7940.891 7940.891 7940.891 7940.891 9184.143 9184.143 9184.143 9184.143 9184.143
12513.37 12513.37 12513.37 12513.37 12513.37 13047.82 13047.82 13047.82 13047.82 13047.82 12636.4 12636.4 12001.59 12482.49 11716.31 12110.85 12110.85 12110.85 12110.85 10166.63 10166.63 10166.63 10166.63 10166.63 10166.63 7791.774 7791.774 7791.774 9086.385 9086.385 6585.201 6585.201 6585.201 6585.201 6585.201 7207.47 7207.47 7930.462 7930.462 4918.638 4918.638 4153.448 4153.448 4153.448 4153.448 3745.13 3745.13 3745.13 3631.758 3631.758 6172.055 6162.261 4534.14 4534.14 4534.14 4534.14 4534.14 7940.891 7940.891 7940.891 7940.891 7940.891 9184.143 9184.143 9184.143 9184.143 9184.143
12513.37 12513.37 11848.62 12513.37 12513.37 13047.82 13047.82 13047.82 13047.82 12001.59 12001.59 12001.59 12001.59 12482.49 11980.11 11980.11 12110.85 12110.85 12110.85 10166.63 10166.63 10166.63 10166.63 9086.385 9086.385 9086.385 9086.385 9086.385 9086.385 9086.385 7207.47 7207.47 7207.47 7207.47 7207.47 7207.47 7207.47 7930.462 7930.462 4918.638 4918.638 4153.448 4153.448 4153.448 4153.448 4153.448 3745.13 3745.13 3631.758 6172.055 6172.055 6162.261 6162.261 6162.261 4534.14 4534.14 7940.891 7940.891 7940.891 7940.891 7940.891 7940.891 7940.891 9184.143 9184.143 9184.143 9184.143
12513.37 11848.62 11848.62 11848.62 12513.37 12513.37 13047.82 13047.82 12001.59 12001.59 12001.59 12001.59 12482.49 12482.49 11980.11 11980.11 12110.85 12110.85 12110.85 10166.63 10166.63 10166.63 10166.63 9086.385 9086.385 9086.385 9086.385 9086.385 9086.385 7207.47 7207.47 7207.47 7207.47 7207.47 7207.47 7207.47 7930.462 7930.462 7930.462 7930.462 4918.638 4153.448 4153.448 4153.448 4153.448 4153.448 3745.13 3745.13 6344.641 6172.055 6172.055 6172.055 6162.261 6162.261 6162.261 6162.261 6771.791 6771.791 7940.891 7940.891 7940.891 7940.891 7940.891 7940.891 9184.143 9184.143 10587.72
11102.3 11848.62 11848.62 11848.62 11848.62 11848.62 13047.82 13047.82 12001.59 12001.59 12001.59 12001.59 12482.49 12482.49 11980.11 11980.11 12110.85 12110.85 12110.85 10166.63 11863.26 10166.63 10166.63 10166.63 9086.385 9086.385 9086.385 10091.78 10091.78 7207.47 7207.47 7207.47 7207.47 7207.47 7207.47 7207.47 7207.47 7930.462 7930.462 7930.462 4918.638 4918.638 4153.448 6344.641 6344.641 6344.641 6344.641 6344.641 6344.641 6172.055 6172.055 6172.055 6162.261 6162.261 6162.261 6162.261 7939.182 7939.182 6771.791 7940.891 7940.891 7940.891 7940.891 7940.891 7940.891 9184.143 10587.72
11102.3 11848.62 11848.62 11848.62 11848.62 11848.62 12001.59 12001.59 12001.59 12001.59 12001.59 12482.49 12482.49 12482.49 11980.11 11980.11 12110.85 12110.85 12110.85 11863.26 11863.26 10166.63 10166.63 10166.63 10091.78 10091.78 10091.78 10091.78 10091.78 7207.47 7207.47 7207.47 7207.47 7207.47 7207.47 7207.47 7930.462 7930.462 7930.462 7930.462 4918.638 4918.638 4918.638 4918.638 6344.641 6344.641 6344.641 6344.641 6344.641 6344.641 6172.055 6172.055 6172.055 6162.261 6162.261 7939.182 7939.182 7939.182 7940.891 7940.891 7940.891 7940.891 7940.891 7940.891 7940.891 7940.891 10587.72
11102.3 11102.3 11848.62 11862.01 11862.01 11862.01 11862.01 12001.59 12001.59 12001.59 12314.07 12314.07 12482.49 12482.49 11980.11 11980.11 12110.85 12110.85 12110.85 12110.85 11863.26 11863.26 11863.26 11863.26 10091.78 10091.78 10091.78 10091.78 10091.78 7207.47 7207.47 7207.47 7207.47 7207.47 7207.47 7930.462 7930.462 7930.462 7930.462 7930.462 7930.462 4918.638 4918.638 4918.638 6344.641 6344.641 6344.641 6344.641 6344.641 6344.641 6344.641 6172.055 6172.055 6162.261 6162.261 7939.182 7939.182 7939.182 7939.182 7940.891 7940.891 7940.891 7940.891 9927.342 9927.342 9927.342 9927.342
11102.3 11102.3 11862.01 11862.01 11862.01 11862.01 11862.01 12001.59 12001.59 12314.07 12314.07 12314.07 12314.07 12482.49 12689.18 12110.85 12110.85 12110.85 12110.85 11863.26 11863.26 11863.26 11863.26 11863.26 10091.78 10091.78 10091.78 10091.78 10091.78 7207.47 7207.47 7207.47 7207.47 7207.47 7207.47 7930.462 7930.462 7930.462 7930.462 7930.462 7930.462 7930.462 7256.546 7256.546 7256.546 6344.641 6344.641 6344.641 6344.641 6344.641 6344.641 6172.055 6172.055 6162.261 7939.182 7939.182 7939.182 7939.182 7939.182 7939.182 7940.891 7940.891 10366.42 10366.42 10366.42 9927.342 9927.342
11102.3 11102.3 11862.01 11862.01 11862.01 11862.01 11862.01 10757.67 12314.07 12314.07 12314.07 12689.18 12689.18 12689.18 12689.18 12110.85 12110.85 12110.85 12110.85 11863.26 11863.26 11863.26 11863.26 10091.78 10091.78 10091.78 10091.78 10091.78 10091.78 9135.504 7207.47 7207.47 7207.47 7207.47 7207.47 7930.462 7930.462 7930.462 7930.462 7930.462 7930.462 7930.462 7256.546 7256.546 7256.546 6344.641 6344.641 7256.546 6344.641 6344.641 6344.641 6344.641 6172.055 6172.055 7939.182 7939.182 7939.182 7939.182 7939.182 7939.182 7939.182 10366.42 10366.42 10366.42 10366.42 10366.42 10366.42
11102.3 11862.01 11862.01 11862.01 11862.01 11862.01 10757.67 10757.67 12314.07 12314.07 12314.07 12689.18 12689.18 12689.18 12689.18 12110.85 12110.85 12110.85 12110.85 11863.26 11863.26 11863.26 10091.78 10091.78 10091.78 10091.78 10196.3 10196.3 10196.3 9135.504 9135.504 7207.47 7207.47 7207.47 7930.462 7930.462 7930.462 7930.462 7930.462 7930.462 7930.462 7930.462 7256.546 7256.546 7256.546 6344.641 7256.546 7256.546 6344.641 6344.641 6344.641 6344.641 6172.055 6172.055 7939.182 7939.182 7939.182 7939.182 7939.182 7939.182 7939.182 7939.182 10366.42 10366.42 10366.42 10366.42 10366.42
11102.3 11862.01 11862.01 11862.01 11862.01 10757.67 10757.67 10757.67 10757.67 12314.07 12314.07 12689.18 12689.18 12689.18 12689.18 12689.18 12110.85 12110.85 12110.85 11863.26 11863.26 11863.26 10091.78 10091.78 10091.78 10196.3 10196.3 10196.3 9135.504 9135.504 9135.504 9135.504 9135.504 7207.47 7930.462 7930.462 7930.462 7930.462 7930.462 7930.462 7930.462 7930.462 7256.546 7256.546 7256.546 7256.546 7256.546 7256.546 6344.641 6344.641 6344.641 6344.641 6344.641 6172.055 7939.182 7939.182 7939.182 7939.182 7939.182 7939.182 7939.182 7939.182 10366.42 10366.42 10366.42 10366.42 10366.42
10757.67 10757.67 10757.67 10757.67 10757.67 10757.67 10757.67 10757.67 10757.67 12314.07 12314.07 12689.18 12689.18 12689.18 12689.18 12689.18 12110.85 12110.85 12110.85 11863.26 11863.26 10091.78 10091.78 10091.78 10091.78 10091.78 10196.3 10196.3 11115.4 11115.4 11115.4 9135.504 7930.462 7930.462 7930.462 7930.462 7930.462 7930.462 7930.462 7930.462 7930.462 7930.462 7256.546 7256.546 7256.546 7256.546 7256.546 7256.546 7256.546 6344.641 6344.641 6344.641 6344.641 6344.641 8626.08 7939.182 7939.182 7939.182 7939.182 7939.182 7939.182 7939.182 10366.42 10366.42 10366.42 10366.42 10366.42
10757.67 10757.67 10757.67 10757.67 10757.67 10757.67 10757.67 10757.67 10757.67 12314.07 12314.07 12314.07 12689.18 12689.18 12689.18 12689.18 12110.85 12110.85 11863.26 11863.26 11863.26 10091.78 12960.25 11115.4 11115.4 11115.4 11115.4 11115.4 11115.4 11115.4 11115.4 11115.4 7930.462 7930.462 7930.462 7930.462 7930.462 7930.462 7930.462 7930.462 7930.462 7930.462 7256.546 7256.546 7256.546 7256.546 7256.546 9185.673 9185.673 9185.673 6344.641 6344.641 6344.641 8626.08 8626.08 7939.182 7939.182 7939.182 7939.182 7939.182 9610.997 9610.997 10366.42 10366.42 10366.42 10366.42 10366.42
10757.67 10757.67 10757.67 10757.67 10757.67 10757.67 10757.67 10757.67 10757.67 12314.07 12314.07 12314.07 12689.18 12689.18 12689.18 12689.18 12110.85 12110.85 11863.26 11863.26 11863.26 12960.25 12960.25 11836.25 11115.4 11115.4 11115.4 11115.4 11115.4 11115.4 11115.4 7930.462 7930.462 7930.462 7930.462 7930.462 7930.462 7930.462 7930.462 7930.462 7930.462 7930.462 9185.673 9185.673 9185.673 9185.673 9185.673 9185.673 9185.673 9185.673 9185.673 6344.641 8626.08 8626.08 8626.08 8626.08 7939.182 7939.182 7939.182 9610.997 9610.997 9610.997 10366.42 10366.42 10366.42 10366.42 10366.42
10757.67 10757.67 10757.67 10757.67 10757.67 10757.67 10757.67 10757.67 10757.67 12314.07 12314.07 13210.93 13210.93 13210.93 13210.93 13210.93 12110.85 12110.85 11863.26 12822.66 12960.25 12960.25 12960.25 11836.25 11115.4 11115.4 11115.4 11115.4 11115.4 11115.4 11115.4 7930.462 7930.462 7930.462 7930.462 7930.462 7930.462 7930.462 7930.462 7930.462 7930.462 7930.462 9185.673 9185.673 9185.673 9185.673 9185.673 9185.673 9185.673 9185.673 9185.673 9185.673 8626.08 8626.08 8626.08 8626.08 8626.08 7939.182 9610.997 9610.997 9610.997 9610.997 9610.997 10366.42 10366.42 10366.42 10366.42
10757.67 10757.67 10757.67 10757.67 10757.67 10757.67 10757.67 10757.67 10757.67 13210.93 13210.93 13210.93 13210.93 13210.93 13210.93 12822.66 12822.66 12822.66 12822.66 12822.66 12960.25 12960.25 12960.25 11836.25 11115.4 11115.4 11115.4 11115.4 11115.4 11115.4 11115.4 7930.462 7930.462 7930.462 7930.462 7930.462 7930.462 7930.462 7930.462 7930.462 9290.736 9290.736 9185.673 9185.673 9185.673 9185.673 9185.673 9185.673 9185.673 9185.673 9185.673 9185.673 9185.673 8626.08 8626.08 8626.08 9610.997 9610.997 9610.997 9610.997 9610.997 9610.997 9610.997 10366.42 10366.42 10366.42 10366.42
10757.67 10757.67 10757.67 10757.67 10757.67 10757.67 10757.67 11329.19 13210.93 13210.93 13210.93 12822.66 12822.66 12822.66 12822.66 12822.66 12822.66 12822.66 12822.66 12822.66 12960.25 12960.25 12960.25 12960.25 11836.25 11115.4 11115.4 11115.4 11115.4 11115.4 11115.4 7930.462 7930.462 7930.462 7930.462 7930.462 7930.462 7930.462 7930.462 9290.736 9290.736 9290.736 9185.673 9185.673 9185.673 9185.673 9185.673 9185.673 9185.673 9185.673 9185.673 9185.673 9864.539 8626.08 9610.997 9610.997 9610.997 9610.997 9610.997 9610.997 9610.997 9610.997 9610.997 10366.42 10366.42 10366.42 10366.42
10757.67 10757.67 10757.67 11329.19 11329.19 11329.19 11329.19 11329.19 13210.93 13210.93 13210.93 12822.66 12822.66 12822.66 12822.66 12822.66 12822.66 12822.66 12822.66 12960.25 12960.25 12960.25 12960.25 12960.25 11836.25 11115.4 12204.57 11115.4 11115.4 11115.4 11353.31 11353.31 7930.462 7930.462 7930.462 7930.462 10720.62 7930.462 9290.736 9290.736 9290.736 10720.62 10720.62 9185.673 9185.673 9185.673 9185.673 9185.673 9185.673 9185.673 9864.539 9864.539 9864.539 9864.539 9610.997 9610.997 9610.997 9610.997 9610.997 9610.997 9610.997 9610.997 9610.997 10886.2 10366.42 10366.42 10366.42
11329.19 11329.19 11329.19 11329.19 11329.19 11329.19 11329.19 11329.19 11329.19 13210.93 12822.66 12822.66 12822.66 12822.66 12822.66 12822.66 12822.66 12822.66 12822.66 12960.25 12960.25 12960.25 12960.25 12960.25 12960.25 12204.57 12204.57 11115.4 11115.4 11115.4 11353.31 11353.31 11353.31 7930.462 10720.62 10720.62 10720.62 10720.62 9290.736 9290.736 10720.62 10720.62 10720.62 9185.673 9185.673 9185.673 9185.673 10150.63 10150.63 10150.63 9864.539 9864.539 9864.539 9864.539 9610.997 9610.997 9610.997 9610.997 9610.997 9610.997 11198.72 11198.72 11198.72 10886.2 10886.2 10886.2 10886.2
11329.19 11329.19 11329.19 11329.19 11329.19 11329.19 11329.19 11329.19 11329.19 12822.66 12822.66 12822.66 12822.66 12822.66 12822.66 12822.66 12822.66 12822.66 12822.66 12960.25 12960.25 12960.25 12960.25 13364.69 13364.69 12204.57 12204.57 12114.19 12114.19 12114.19 11353.31 11353.31 11353.31 11353.31 11353.31 10720.62 10720.62 10720.62 10720.62 10720.62 10720.62 10720.62 10720.62 10720.62 10150.63 10150.63 10150.63 10150.63 10150.63 10150.63 9864.539 9864.539 9864.539 9864.539 9864.539 9610.997 9610.997 9610.997 11198.72 11198.72 11198.72 11198.72 11198.72 11198.72 10886.2 10886.2 10886.2
11720 11720 11720 11720 11720 11720 11720 11329.19 11329.19 12822.66 12822.66 12822.66 12822.66 12822.66 12822.66 12822.66 12822.66 12822.66 12822.66 12960.25 12960.25 13364.69 13364.69 13364.69 13364.69 13364.69 13364.69 12114.19 12114.19 11353.31 11353.31 11353.31 11353.31 11353.31 11353.31 10720.62 10720.62 10720.62 10720.62 10720.62 10720.62 10720.62 10720.62 10720.62 10150.63 10150.63 10150.63 10150.63 10150.63 10150.63 10150.63 9864.539 9864.539 9864.539 9864.539 9610.997 11198.72 11198.72 11198.72 11198.72 11198.72 11198.72 11198.72 10747.62 10886.2 10886.2 10886.2
11720 11720 11720 11720 11720 11720 11720 11720 11329.19 12822.66 12822.66 12822.66 12822.66 12822.66 12822.66 12822.66 12822.66 12822.66 14295.67 12960.25 13364.69 13364.69 13364.69 13364.69 13364.69 13364.69 13364.69 13364.69 12049.81 12049.81 12049.81 12049.81 12049.81 11353.31 11353.31 10720.62 10720.62 10720.62 10720.62 10720.62 10720.62 10720.62 10720.62 10720.62 9830.603 10150.63 10150.63 10150.63 10150.63 10150.63 9864.539 9864.539 9864.539 9864.539 9864.539 11198.72 11198.72 11198.72 11198.72 11198.72 11198.72 10747.62 10747.62 10747.62 10747.62 10747.62 11013.24
11720 11720 11720 11720 11720 11720 11720 11720 11720 11329.19 12822.66 12822.66 12822.66 12822.66 12822.66 12822.66 12822.66 14295.67 14295.67 13207.78 13207.78 13364.69 13364.69 13364.69 13364.69 13364.69 13364.69 12049.81 12049.81 12049.81 12049.81 12049.81 12049.81 12049.81 11353.31 11353.31 10720.62 10720.62 10720.62 9830.603 9830.603 9830.603 9830.603 9830.603 9830.603 10150.63 10150.63 10150.63 10150.63 10150.63 9864.539 9864.539 10840.64 10840.64 9864.539 9864.539 11198.72 11198.72 11198.72 11198.72 10747.62 10747.62 10747.62 10747.62 10747.62 10747.62 11013.24
11720 11720 11720 11720 11720 11720 11720 11720 12427.14 12427.14 12822.66 12822.66 12822.66 12822.66 12822.66 12822.66 12822.66 14295.67 14295.67 13207.78 13207.78 13207.78 13207.78 13364.69 13364.69 13364.69 13364.69 12049.81 12049.81 12049.81 12049.81 12049.81 12049.81 12049.81 11353.31 11353.31 10720.62 10720.62 9830.603 9830.603 9830.603 9830.603 9830.603 9830.603 9830.603 9830.603 10150.63 10150.63 9917.225 9917.225 10840.64 10840.64 10840.64 10840.64 10840.64 10840.64 11198.72 11198.72 10747.62 10747.62 10747.62 10747.62 10747.62 10747.62 10747.62 10747.62 11013.24
11720 11720 11720 11720 11720 12427.14 12427.14 12427.14 12427.14 12427.14 12427.14 12427.14 14295.67 12822.66 12822.66 12822.66 12822.66 14295.67 14295.67 13207.78 13207.78 13207.78 13207.78 13207.78 13207.78 13364.69 12049.81 12049.81 12049.81 12049.81 12049.81 12049.81 12049.81 12049.81 10823.63 10823.63 10823.63 9830.603 9830.603 9830.603 9830.603 9830.603 9830.603 9830.603 9830.603 9830.603 9917.225 9917.225 9917.225 9917.225 10840.64 10840.64 10840.64 10840.64 10840.64 10840.64 11198.72 10747.62 10747.62 10747.62 10747.62 10777.07 10777.07 10777.07 10777.07 10777.07 10777.07
11720 11720 12427.14 12427.14 12427.14 12427.14 12427.14 12427.14 12427.14 12427.14 12427.14 12427.14 14295.67 14295.67 14295.67 12822.66 14295.67 14295.67 14295.67 13207.78 13207.78 13207.78 13207.78 13207.78 13207.78 13207.78 10823.63 12049.81 12049.81 12049.81 12049.81 12049.81 12049.81 12049.81 10823.63 10823.63 10823.63 9830.603 9830.603 9830.603 9830.603 9830.603 9830.603 9830.603 9830.603 9917.225 9917.225 9917.225 9917.225 9917.225 10840.64 10840.64 10840.64 10840.64 10840.64 10840.64 10840.64 10747.62 10747.62 10747.62 10747.62 10777.07 10777.07 10747.62 10777.07 10777.07 10777.07
11720 12427.14 12427.14 12427.14 12427.14 12427.14 12427.14 12427.14 12427.14 12427.14 12427.14 14295.67 14295.67 14295.67 14295.67 14295.67 14295.67 14295.67 13207.78 13207.78 13207.78 13207.78 13207.78 13207.78 13207.78 13207.78 10823.63 10823.63 10823.63 12049.81 10823.63 10823.63 10823.63 10823.63 10823.63 10823.63 10823.63 10823.63 9830.603 9830.603 9830.603 9830.603 9830.603 10708.75 9917.225 9917.225 9917.225 9917.225 9917.225 9917.225 10840.64 10840.64 10840.64 10840.64 10840.64 10840.64 10840.64 11694.23 11694.23 11694.23 10747.62 10747.62 10777.07 10777.07 10777.07 10777.07 10777.07
12427.14 12427.14 12427.14 12427.14 12427.14 12427.14 12427.14 12427.14 12427.14 12427.14 12427.14 12427.14 14295.67 14295.67 14295.67 14295.67 14295.67 14295.67 13207.78 13207.78 13207.78 13207.78 13207.78 13207.78 13207.78 10823.63 10823.63 10823.63 10823.63 10823.63 10823.63 10823.63 10823.63 10823.63 10823.63 10823.63 10823.63 10823.63 9830.603 9830.603 9830.603 10708.75 10708.75 10708.75 9917.225 9917.225 9917.225 9917.225 9917.225 9917.225 10840.64 10840.64 10840.64 10840.64 10840.64 10840.64 11072.11 11072.11 11694.23 11694.23 11694.23 10777.07 10777.07 10777.07 10777.07 10777.07 10777.07
12427.14 12427.14 12427.14 12427.14 12427.14 12427.14 12427.14 12427.14 12427.14 12427.14 12427.14 12427.14 12427.14 12427.14 13845.1 14295.67 14295.67 14295.67 13207.78 13207.78 13207.78 13207.78 13207.78 13207.78 13207.78 10823.63 10823.63 10823.63 10823.63 10823.63 10823.63 10823.63 10823.63 10823.63 10823.63 10823.63 10202.01 10202.01 10202.01 10708.75 10708.75 10708.75 10708.75 10708.75 9917.225 9917.225 9917.225 9917.225 9917.225 9917.225 10840.64 10840.64 10840.64 10840.64 10840.64 10840.64 11072.11 11072.11 11072.11 11694.23 11694.23 11694.23 11694.23 10777.07 10777.07 10777.07 10777.07
12427.14 12427.14 12427.14 12427.14 12427.14 12427.14 12427.14 12427.14 12427.14 12427.14 12427.14 12427.14 13845.1 13845.1 13845.1 13845.1 13845.1 13845.1 13207.78 13207.78 13207.78 13207.78 13207.78 13207.78 12117.79 11612.01 11612.01 10823.63 10823.63 10823.63 10823.63 10823.63 10823.63 10823.63 10823.63 10202.01 10202.01 10202.01 10202.01 10708.75 10708.75 10708.75 10708.75 10708.75 9917.225 9917.225 9917.225 9917.225 9917.225 9917.225 10840.64 10840.64 10840.64 10840.64 11072.11 11072.11 11072.11 11072.11 11072.11 11072.11 11694.23 11694.23 11694.23 11694.23 11576.17 11576.17 11576.17
