lus_demo/data/Current_situation/Thematic_maps/Accessibility/dist_100kinhabitants_pc4_2009.asc
ncols         540
nrows         650
xllcorner     10000
yllcorner     300000
cellsize      500
NODATA_value  -9999
[rows 330 to 359 of 650, columns 402 to 468 of 540]
10843.03 11547.74 11547.74 11547.74 11547.74 11547.74 11547.74 10159.67 10159.67 10159.67 11152.67 11152.67 11152.67 11152.67 11152.67 11152.67 11152.67 11152.67 11152.67 11152.67 11152.67 11152.67 11152.67 11152.67 11152.67 11152.67 14145.18 14145.18 14145.18 14145.18 14145.18 14145.18 14145.18 14145.18 14145.18 14145.18 14145.18 14145.18 14145.18 13324.6 13324.6 13324.6 13324.6 13324.6 13324.6 12871.23 12871.23 12871.23 12871.23 12871.23 12727.84 12685.62 12727.84 12685.62 12252.67 12252.67 12252.67 12252.67 12252.67 12252.67 12252.67 12252.67 12252.67 13159.71 13159.71 13159.71 13159.71
11547.74 10843.03 11547.74 11547.74 11547.74 11547.74 11547.74 11547.74 11547.74 11547.74 11152.67 11152.67 11152.67 11152.67 11152.67 11152.67 11152.67 11152.67 11152.67 11152.67 11152.67 11152.67 11152.67 11152.67 11152.67 11152.67 14145.18 14145.18 14145.18 14145.18 14145.18 14145.18 14145.18 14145.18 14145.18 14145.18 14145.18 14145.18 14145.18 13324.6 13324.6 13324.6 13324.6 13324.6 13324.6 13324.6 12685.62 12685.62 12871.23 12685.62 12685.62 12685.62 12685.62 12685.62 12252.67 12252.67 12252.67 12252.67 12252.67 12252.67 12252.67 12252.67 13159.71 13159.71 13159.71 13159.71 13159.71
11547.74 11547.74 11547.74 11547.74 11547.74 11547.74 11547.74 11547.74 11547.74 11152.67 11152.67 11152.67 11152.67 11152.67 11152.67 11152.67 11152.67 11152.67 11152.67 11152.67 11152.67 11152.67 11152.67 11152.67 11152.67 11152.67 14145.18 14145.18 14145.18 14145.18 14145.18 14145.18 14145.18 14145.18 14145.18 14145.18 14145.18 14145.18 13324.6 13324.6 13324.6 13324.6 13324.6 13324.6 13324.6 12685.62 12685.62 12685.62 12685.62 12685.62 12685.62 12685.62 12685.62 12685.62 12252.67 12252.67 12252.67 12252.67 12252.67 12252.67 12252.67 13159.71 13159.71 13159.71 13159.71 13159.71 13159.71
9824.932 11547.74 11547.74 11404.65 11404.65 11404.65 11404.65 11404.65 11404.65 11152.67 11152.67 11152.67 11152.67 11152.67 11152.67 11152.67 11152.67 11152.67 11152.67 11152.67 11152.67 11152.67 11152.67 11152.67 11152.67 11152.67 11152.67 14145.18 14145.18 14145.18 14145.18 14145.18 14145.18 14145.18 12517.99 14145.18 14145.18 14145.18 13324.6 13324.6 13324.6 13324.6 13324.6 13324.6 13324.6 12685.62 12685.62 12685.62 12685.62 12685.62 12685.62 12685.62 12685.62 12685.62 12252.67 12252.67 12252.67 12252.67 12252.67 12252.67 12252.67 13159.71 13159.71 13159.71 13159.71 13159.71 13159.71
9824.932 9824.932 11547.74 11404.65 11404.65 11404.65 11404.65 11404.65 11404.65 11152.67 11152.67 11152.67 11152.67 11152.67 11152.67 11152.67 11152.67 11152.67 11152.67 11152.67 11152.67 11152.67 11152.67 11152.67 11152.67 11152.67 11152.67 11152.67 14145.18 14145.18 14145.18 14145.18 12517.99 12517.99 12517.99 12517.99 12517.99 14145.18 13324.6 13324.6 13324.6 13324.6 13324.6 13324.6 13324.6 13324.6 12685.62 12685.62 12685.62 12685.62 12685.62 12685.62 12685.62 12252.67 12252.67 12252.67 12252.67 12252.67 12252.67 12252.67 12252.67 13159.71 13159.71 13159.71 13159.71 13159.71 13662.83
9824.932 9824.932 11547.74 11404.65 11404.65 11404.65 11404.65 11404.65 11152.67 11152.67 11152.67 11152.67 11152.67 11152.67 11152.67 11152.67 11152.67 11152.67 11152.67 11152.67 11152.67 11152.67 11152.67 11152.67 11152.67 11152.67 11152.67 11152.67 11152.67 11152.67 14145.18 12517.99 12517.99 12517.99 12517.99 12517.99 12517.99 12517.99 12517.99 13324.6 13324.6 13324.6 13324.6 13324.6 13324.6 13324.6 12685.62 12685.62 14688.6 12685.62 12685.62 12685.62 12685.62 12252.67 12252.67 12252.67 12252.67 12252.67 12252.67 12252.67 12252.67 13159.71 13159.71 13159.71 13159.71 13159.71 13662.83
9824.932 9824.932 11217.96 11217.96 11217.96 11404.65 11404.65 11217.96 11152.67 11152.67 11152.67 11152.67 11152.67 11152.67 11152.67 11152.67 11152.67 11152.67 11152.67 11152.67 11152.67 11152.67 11152.67 11152.67 11152.67 11152.67 11152.67 11152.67 11152.67 11152.67 12517.99 12517.99 12517.99 12517.99 12517.99 12517.99 12517.99 12517.99 12517.99 12517.99 13324.6 13324.6 13324.6 13324.6 13324.6 13324.6 13324.6 14688.6 14688.6 14688.6 14688.6 12685.62 12685.62 12252.67 12252.67 12252.67 12252.67 12252.67 12252.67 12252.67 12252.67 13159.71 13159.71 13159.71 13159.71 13159.71 13662.83
10009.32 10009.32 11217.96 11217.96 11217.96 11217.96 11217.96 11217.96 11217.96 11152.67 11152.67 11152.67 11152.67 11152.67 11152.67 11152.67 11152.67 11152.67 11152.67 11152.67 11152.67 11152.67 11152.67 11152.67 11152.67 11152.67 11152.67 11152.67 11152.67 12517.99 12517.99 12517.99 12517.99 12517.99 12517.99 12517.99 12517.99 12517.99 12517.99 12517.99 12517.99 13324.6 13324.6 13324.6 13324.6 14688.6 14688.6 14688.6 14688.6 14688.6 14688.6 14688.6 12252.67 12252.67 12252.67 12252.67 12252.67 12252.67 12252.67 12252.67 13159.71 13159.71 13159.71 13159.71 13159.71 13159.71 13662.83
10009.32 10009.32 9867.44 9867.44 9867.44 9867.44 11217.96 11217.96 11217.96 11217.96 11152.67 11152.67 11152.67 11152.67 11152.67 11152.67 11152.67 11152.67 11152.67 11152.67 11152.67 11152.67 11152.67 11152.67 11152.67 11152.67 11152.67 12517.99 12517.99 12517.99 12517.99 12517.99 12517.99 12517.99 12517.99 12517.99 12517.99 12517.99 12517.99 12517.99 12517.99 13324.6 13324.6 13324.6 14688.6 14688.6 14688.6 14688.6 14688.6 14688.6 14688.6 14688.6 12252.67 12252.67 12252.67 12252.67 12252.67 12252.67 12252.67 12252.67 13159.71 13159.71 13159.71 13159.71 13159.71 13159.71 13662.83
10009.32 10009.32 9867.44 9867.44 9867.44 9867.44 9867.44 11217.96 11217.96 11217.96 11217.96 11152.67 11152.67 11152.67 11152.67 11152.67 11152.67 11152.67 11152.67 11152.67 11152.67 11152.67 11152.67 11152.67 11152.67 11152.67 11152.67 12517.99 12517.99 12517.99 12517.99 12517.99 12517.99 12517.99 12517.99 12517.99 12517.99 12517.99 12517.99 12517.99 12517.99 12517.99 14688.6 14688.6 14688.6 14688.6 14688.6 14688.6 14688.6 14688.6 14688.6 14688.6 14688.6 12252.67 12252.67 12252.67 12252.67 12252.67 12252.67 13159.71 13159.71 13159.71 13159.71 13159.71 13159.71 13159.71 13159.71
10009.32 10009.32 9867.44 9867.44 9867.44 9867.44 9867.44 9867.44 11217.96 11217.96 11217.96 11152.67 11152.67 11152.67 11152.67 11152.67 11152.67 11152.67 11152.67 11152.67 11152.67 11152.67 11152.67 11152.67 11152.67 11152.67 11152.67 11152.67 12517.99 12517.99 12517.99 12517.99 12517.99 12517.99 12517.99 12517.99 12517.99 12517.99 12517.99 12517.99 12517.99 12517.99 12517.99 14688.6 14688.6 14688.6 14688.6 14688.6 14688.6 14688.6 14688.6 14688.6 14688.6 14688.6 12252.67 12252.67 12252.67 12252.67 12252.67 13159.71 13159.71 13159.71 13159.71 13159.71 13159.71 13159.71 13159.71
9737.006 9867.44 9867.44 9867.44 9867.44 9867.44 9867.44 9867.44 9867.44 11217.96 11391.56 11391.56 11391.56 11391.56 11391.56 11391.56 11391.56 11152.67 11152.67 11152.67 11391.56 11391.56 11391.56 11391.56 11391.56 11152.67 11152.67 11152.67 12517.99 12517.99 12517.99 12517.99 12517.99 12517.99 12517.99 12517.99 12517.99 12517.99 12517.99 12517.99 12517.99 12517.99 12517.99 12517.99 14688.6 14688.6 14688.6 14688.6 14688.6 14688.6 14688.6 14688.6 14688.6 14688.6 12252.67 12252.67 12252.67 12252.67 12252.67 13159.71 13159.71 13159.71 13159.71 13159.71 13159.71 13159.71 13159.71
9737.006 9867.44 9867.44 9867.44 9867.44 9867.44 9867.44 9867.44 9867.44 11391.56 11391.56 11391.56 11391.56 11391.56 11391.56 11391.56 11391.56 11391.56 11391.56 11391.56 11391.56 11391.56 11391.56 11391.56 11391.56 11391.56 11391.56 11152.67 12517.99 12517.99 12517.99 12517.99 12517.99 12517.99 12517.99 12517.99 12517.99 12517.99 12517.99 12517.99 12517.99 12517.99 12517.99 12517.99 14688.6 14688.6 14688.6 14688.6 14688.6 14688.6 14688.6 14688.6 14688.6 14688.6 14688.6 11866.1 11866.1 12252.67 12252.67 13159.71 13159.71 13159.71 13159.71 13159.71 13159.71 13159.71 13159.71
9737.006 9867.44 9867.44 9867.44 9867.44 9867.44 9867.44 9867.44 11391.56 11391.56 11391.56 11391.56 11391.56 11391.56 11391.56 11391.56 11391.56 11391.56 11391.56 11391.56 11391.56 11391.56 11391.56 11391.56 11391.56 11391.56 11391.56 11391.56 11391.56 12517.99 12517.99 12517.99 12517.99 12517.99 12517.99 12517.99 12517.99 12517.99 12517.99 12517.99 12517.99 12517.99 12517.99 12517.99 12517.99 14688.6 14688.6 14688.6 14688.6 14688.6 14688.6 14688.6 14688.6 14688.6 14688.6 11866.1 11866.1 11866.1 13159.71 13159.71 13015.08 13015.08 13015.08 13159.71 13159.71 13159.71 13159.71
9737.006 9298.046 9298.046 9867.44 9867.44 9867.44 9867.44 9867.44 11391.56 11391.56 11391.56 11391.56 11391.56 11391.56 11391.56 11391.56 11391.56 11391.56 11391.56 11391.56 11391.56 11391.56 11391.56 11391.56 11391.56 11391.56 11391.56 11391.56 11391.56 12517.99 12517.99 12517.99 12517.99 12517.99 12517.99 12517.99 12517.99 12517.99 12517.99 12517.99 12517.99 12517.99 12517.99 12517.99 12517.99 14688.6 14688.6 14688.6 14688.6 14688.6 14688.6 14688.6 14688.6 14688.6 14688.6 11866.1 11866.1 11866.1 11866.1 13015.08 13015.08 13015.08 13015.08 13159.71 13159.71 13159.71 -9999
9737.006 9298.046 9298.046 9298.046 9298.046 9867.44 9867.44 11391.56 11391.56 11391.56 11391.56 11391.56 11391.56 11391.56 11391.56 11391.56 11391.56 11391.56 11391.56 11391.56 11391.56 11391.56 11391.56 11391.56 11391.56 11391.56 11391.56 11391.56 11391.56 12517.99 12517.99 12517.99 12517.99 12517.99 12517.99 12517.99 12517.99 12517.99 12517.99 12517.99 12517.99 12517.99 12517.99 12517.99 12517.99 14688.6 14688.6 14688.6 14688.6 14688.6 14688.6 14688.6 14688.6 14688.6 14688.6 11866.1 11866.1 11866.1 11866.1 11866.1 13015.08 13015.08 13015.08 13159.71 13159.71 13159.71 -9999
9298.046 9298.046 9298.046 9298.046 9298.046 9298.046 9298.046 11391.56 11391.56 11391.56 11391.56 11391.56 11391.56 11391.56 11391.56 11391.56 11391.56 11391.56 11391.56 11391.56 11391.56 11391.56 11391.56 11391.56 11391.56 11391.56 11391.56 11391.56 11391.56 12517.99 12517.99 12517.99 12517.99 12517.99 12517.99 12517.99 12517.99 12517.99 12517.99 12517.99 12517.99 12517.99 12517.99 12517.99 12517.99 14688.6 14688.6 14688.6 14688.6 14688.6 14688.6 14688.6 14688.6 14688.6 11866.1 11866.1 11866.1 11866.1 11866.1 11866.1 13015.08 13015.08 13015.08 13015.08 13015.08 13159.71 -9999
9298.046 9298.046 9298.046 9298.046 9298.046 9298.046 9298.046 11391.56 11391.56 11391.56 11391.56 11391.56 11391.56 11391.56 11391.56 11391.56 11391.56 11391.56 11391.56 11391.56 11391.56 11391.56 11391.56 11391.56 11391.56 11391.56 11391.56 11391.56 11391.56 11391.56 12517.99 12517.99 12517.99 12517.99 12517.99 12517.99 12517.99 12517.99 12517.99 12517.99 12517.99 12517.99 12517.99 12517.99 14688.6 14688.6 14688.6 14688.6 14688.6 14688.6 14688.6 14688.6 14688.6 14688.6 11866.1 11866.1 11866.1 11866.1 11866.1 11866.1 11866.1 13015.08 13015.08 13015.08 13015.08 13015.08 -9999
9298.046 9298.046 9298.046 9298.046 9298.046 9298.046 9298.046 9298.046 11391.56 11391.56 11391.56 11391.56 11391.56 11391.56 11391.56 11391.56 11391.56 11391.56 11391.56 11391.56 11391.56 11391.56 11391.56 11391.56 11391.56 11391.56 11391.56 11391.56 11548.92 11548.92 11548.92 12517.99 12517.99 12517.99 12517.99 12517.99 12517.99 12517.99 12517.99 12517.99 12517.99 13091.39 13091.39 12517.99 14688.6 14688.6 14688.6 14688.6 14688.6 14688.6 14688.6 14688.6 14688.6 11866.1 11866.1 11866.1 11866.1 11866.1 11866.1 11866.1 13015.08 13015.08 13015.08 13015.08 13015.08 13015.08 15433.96
9298.046 9298.046 9298.046 9298.046 9298.046 9298.046 9298.046 9298.046 10690.76 10690.76 10690.76 10690.76 10690.76 10690.76 11391.56 11391.56 11391.56 11391.56 11391.56 11391.56 11391.56 11391.56 11391.56 11036.16 11036.16 11036.16 11036.16 11036.16 11548.92 11548.92 11548.92 12517.99 12517.99 12517.99 12517.99 12517.99 12517.99 12517.99 12517.99 13091.39 13091.39 13091.39 13091.39 13091.39 14688.6 14688.6 14688.6 14688.6 14688.6 14688.6 14688.6 14688.6 11910.1 11866.1 11866.1 11866.1 11866.1 11866.1 11866.1 11866.1 13015.08 13015.08 13015.08 13015.08 13015.08 13015.08 15433.96
9858.871 9298.046 10269.87 9298.046 9298.046 9298.046 9298.046 9298.046 10690.76 10690.76 10690.76 10690.76 10690.76 10690.76 10690.76 10690.76 10690.76 11036.16 11036.16 11036.16 11036.16 11036.16 11036.16 11036.16 11036.16 11036.16 11036.16 11036.16 11548.92 11548.92 11548.92 11548.92 12517.99 12517.99 12517.99 12517.99 12517.99 12517.99 13091.39 13091.39 13091.39 13091.39 13091.39 13091.39 13091.39 14688.6 14688.6 14688.6 14688.6 14688.6 11910.1 11910.1 11910.1 11910.1 11910.1 11866.1 11866.1 11866.1 11910.1 11910.1 11910.1 13015.08 13015.08 13015.08 13015.08 13015.08 15433.96
9858.871 10269.87 10269.87 10269.87 10269.87 10269.87 9298.046 9298.046 10690.76 10690.76 10690.76 10690.76 10690.76 10690.76 10690.76 10690.76 10690.76 11036.16 11036.16 11036.16 11036.16 11036.16 11036.16 11036.16 11036.16 11036.16 11036.16 11036.16 11036.16 11548.92 11548.92 11548.92 12517.99 12517.99 12517.99 12517.99 12517.99 13091.39 13091.39 13091.39 13091.39 13091.39 13091.39 13091.39 13091.39 13091.39 14688.6 12559.06 11910.1 11910.1 11910.1 11910.1 11910.1 11910.1 11910.1 11910.1 11910.1 11910.1 11910.1 11910.1 11910.1 13015.08 13015.08 13015.08 15433.96 15433.96 15433.96
9858.871 10269.87 10269.87 10269.87 10269.87 10269.87 10269.87 10269.87 11036.16 11036.16 10690.76 11036.16 11036.16 10690.76 11036.16 11036.16 11036.16 11036.16 11036.16 11036.16 11036.16 11036.16 11036.16 11036.16 11036.16 11036.16 11036.16 11036.16 11036.16 11548.92 11548.92 11548.92 11548.92 11548.92 12517.99 12517.99 13091.39 13091.39 13091.39 13091.39 13091.39 13091.39 13091.39 13091.39 12559.06 12559.06 12559.06 11910.1 11910.1 11910.1 11910.1 11910.1 11910.1 11910.1 11910.1 11910.1 11910.1 11910.1 11910.1 11910.1 11910.1 13015.08 13015.08 13015.08 15433.96 15433.96 15433.96
9858.871 10269.87 10269.87 10269.87 10269.87 10269.87 10269.87 10269.87 11036.16 11036.16 11036.16 11036.16 11036.16 11036.16 11036.16 11036.16 11036.16 11036.16 11036.16 11036.16 11036.16 11036.16 11036.16 11036.16 11036.16 11036.16 11036.16 11036.16 11036.16 11548.92 11548.92 11548.92 11548.92 11548.92 11548.92 13091.39 13091.39 13091.39 13091.39 13091.39 13091.39 13091.39 12559.06 12559.06 12559.06 12559.06 12559.06 12062.4 11910.1 11910.1 11910.1 11910.1 11910.1 11910.1 11910.1 11910.1 11910.1 11910.1 11910.1 11910.1 11910.1 13015.08 13015.08 15433.96 15433.96 15433.96 15433.96
9858.871 10269.87 10269.87 10269.87 10269.87 10269.87 10269.87 10269.87 10269.87 11036.16 11036.16 11036.16 11036.16 11036.16 11036.16 11036.16 11036.16 11036.16 11036.16 11036.16 11036.16 11036.16 11036.16 11036.16 11036.16 11036.16 11036.16 11036.16 11548.92 11548.92 11548.92 11548.92 11548.92 11548.92 11548.92 13091.39 13091.39 13091.39 13091.39 13091.39 12559.06 12559.06 12559.06 12559.06 12559.06 12559.06 12559.06 12559.06 12062.4 11910.1 11910.1 11910.1 11910.1 11910.1 11910.1 11910.1 11910.1 11910.1 11910.1 11910.1 11910.1 11910.1 15433.96 15433.96 15433.96 15433.96 15433.96
8987.639 10269.87 10269.87 10269.87 10269.87 10269.87 10269.87 10269.87 10269.87 11036.16 11036.16 11036.16 11036.16 11036.16 11036.16 11036.16 11036.16 11036.16 11036.16 11036.16 11036.16 11036.16 11036.16 11036.16 11036.16 11036.16 11036.16 11548.92 11548.92 11548.92 11548.92 11548.92 11548.92 11548.92 11548.92 11548.92 13091.39 13091.39 13091.39 12559.06 12559.06 12559.06 12559.06 12559.06 12559.06 12559.06 12559.06 12559.06 12062.4 12062.4 11910.1 11910.1 11910.1 11910.1 11910.1 11910.1 11910.1 11910.1 11910.1 11910.1 11910.1 11910.1 15433.96 15433.96 15433.96 15433.96 15433.96
8987.639 8987.639 10269.87 10269.87 10269.87 10269.87 10269.87 10269.87 10269.87 10269.87 11036.16 11036.16 11036.16 11036.16 11036.16 11036.16 11036.16 11036.16 11036.16 11036.16 11036.16 11036.16 11036.16 11036.16 11036.16 11036.16 11548.92 11548.92 11548.92 11548.92 11548.92 11548.92 11548.92 11548.92 11548.92 11548.92 13091.39 13091.39 12559.06 12559.06 12559.06 12559.06 12559.06 12559.06 12559.06 12559.06 12559.06 12559.06 12062.4 12062.4 12062.4 11910.1 11910.1 11910.1 11910.1 11910.1 13267.4 13267.4 11910.1 11910.1 11910.1 11910.1 15433.96 15433.96 15433.96 15433.96 15433.96
8987.639 8987.639 10269.87 10269.87 10269.87 10269.87 10269.87 10269.87 10269.87 10269.87 10269.87 10269.87 11036.16 11036.16 11036.16 11036.16 11036.16 11036.16 11036.16 11036.16 11036.16 11036.16 11036.16 11036.16 11036.16 11548.92 11548.92 11548.92 11548.92 11548.92 11548.92 11548.92 11548.92 11548.92 11548.92 11548.92 12454.38 13091.39 12559.06 12559.06 12559.06 12559.06 12559.06 12559.06 12559.06 12559.06 12559.06 12062.4 12062.4 12062.4 12062.4 11910.1 12062.4 11910.1 13267.4 13267.4 13267.4 13267.4 13267.4 13267.4 11910.1 11910.1 15433.96 15433.96 15433.96 15433.96 15433.96
9564.166 9564.166 9564.166 10269.87 10269.87 10269.87 10269.87 10269.87 10269.87 10269.87 10269.87 11036.16 11036.16 11036.16 11036.16 11036.16 11036.16 11036.16 11036.16 11036.16 11036.16 11036.16 11036.16 11036.16 11548.92 11548.92 11548.92 11548.92 11548.92 11548.92 11548.92 11548.92 11548.92 11548.92 11548.92 12454.38 12454.38 12454.38 12454.38 12454.38 12454.38 12559.06 12559.06 12559.06 12559.06 12559.06 12559.06 12062.4 12062.4 12062.4 12062.4 12062.4 12062.4 13267.4 13267.4 13267.4 13267.4 13267.4 13267.4 13267.4 13267.4 13267.4 15433.96 15433.96 15433.96 15433.96 15433.96
9564.166 9564.166 9564.166 9564.166 9564.166 9564.166 10269.87 10269.87 10269.87 10269.87 10269.87 10269.87 10788.01 11036.16 10788.01 10788.01 10038.52 11036.16 11036.16 11036.16 11036.16 11036.16 11036.16 11548.92 11548.92 11548.92 11548.92 11548.92 11548.92 11548.92 11548.92 11548.92 11548.92 11548.92 11548.92 11548.92 11548.92 12454.38 12454.38 12454.38 12454.38 12454.38 12559.06 12454.38 12454.38 12559.06 12559.06 12062.4 12062.4 12062.4 12062.4 12062.4 12062.4 13267.4 13267.4 13267.4 13267.4 13267.4 13267.4 13267.4 13267.4 13267.4 14697.75 17788.32 17788.32 17788.32 17788.32
