lus_demo/data/Current_situation/Thematic_maps/Accessibility/dist_100kinhabitants_pc4_2009.asc
ncols         540
nrows         650
xllcorner     10000
yllcorner     300000
cellsize      500
NODATA_value  -9999
[rows 360 to 389 of 650, columns 134 to 200 of 540]
5925.615 5925.615 5925.615 5925.615 4572.688 4572.688 4572.688 4572.688 4572.688 4572.688 3605.762 3605.762 3605.762 4193.869 3706.642 3706.642 3555.359 4200.1 4200.1 4200.1 4723.521 4723.521 4723.521 4723.521 4723.521 4723.521 5059.286 5059.286 5112.892 5059.286 5059.286 3807.512 4806.409 3807.512 3807.512 3807.512 3807.512 3807.512 3807.512 5059.286 3807.512 5476.233 5476.233 5476.233 4463.039 4463.039 4463.039 4463.039 4831.36 4831.36 4831.36 4831.36 5014.999 5409.417 5409.417 5409.417 5409.417 5409.417 5409.417 5676.787 5676.787 5676.787 5676.787 5676.787 7541.19 7541.19 7541.19
5925.615 5925.615 5925.615 5925.615 5925.615 5925.615 4572.688 4572.688 4572.688 4572.688 4572.688 3605.762 4193.869 4193.869 3706.642 3706.642 3555.359 4200.1 4200.1 4200.1 4723.521 4723.521 4723.521 4723.521 4723.521 5059.286 5059.286 5059.286 5059.286 5059.286 3807.512 3807.512 3807.512 4806.409 3807.512 3807.512 3807.512 3807.512 3807.512 3807.512 3807.512 5476.233 4463.039 4463.039 4463.039 4463.039 4463.039 4831.36 4831.36 4831.36 4831.36 5014.999 5014.999 5409.417 5409.417 5409.417 5409.417 5409.417 5676.787 5676.787 5676.787 5676.787 5676.787 7541.19 7541.19 7541.19 7541.19
5925.615 5925.615 5925.615 5925.615 5925.615 5925.615 4572.688 4572.688 4572.688 4572.688 4572.688 3605.762 4193.869 4153.789 4153.789 4153.789 3555.359 3555.359 4200.1 4200.1 4200.1 4723.521 4723.521 4723.521 5059.286 5059.286 5059.286 5059.286 5059.286 3800.04 3807.512 3807.512 3807.512 3807.512 3807.512 3807.512 3807.512 3807.512 3807.512 3807.512 3807.512 5476.233 4463.039 4463.039 4463.039 4463.039 4463.039 4831.36 4831.36 4831.36 5014.999 5014.999 4760.436 4760.436 5409.417 5409.417 5409.417 5676.787 5676.787 5676.787 5676.787 5676.787 6820.538 6820.538 7541.19 7541.19 7541.19
5925.615 5925.615 5925.615 5925.615 5925.615 4572.688 4572.688 4572.688 4572.688 4572.688 4572.688 4572.688 4572.688 4572.688 4572.688 4153.789 4153.789 3555.359 4572.688 4572.688 4200.1 4723.521 4723.521 4858.88 4858.88 5059.286 5059.286 5059.286 5059.286 3800.04 3800.04 3800.04 3807.512 3807.512 3807.512 3807.512 3807.512 3807.512 3807.512 3807.512 3807.512 5476.233 5476.233 4463.039 4463.039 4463.039 4463.039 4831.36 4831.36 5014.999 5014.999 5014.999 4760.436 4760.436 5409.417 5676.787 5676.787 5676.787 5676.787 5676.787 5676.787 6820.538 6820.538 6820.538 7541.19 7541.19 7541.19
5925.615 5925.615 5925.615 5218.594 4572.688 4572.688 4572.688 4572.688 4572.688 4572.688 4572.688 4572.688 4572.688 4572.688 4572.688 4572.688 4572.688 4572.688 4572.688 4572.688 4200.1 4723.521 4858.88 4858.88 4858.88 4858.88 5059.286 5059.286 5059.286 3800.04 3800.04 3800.04 3800.04 3260.8 3807.512 3807.512 3807.512 3807.512 3807.512 3807.512 3177.019 5476.233 5476.233 3177.019 3177.019 4463.039 4463.039 4463.039 3476.814 5014.999 5014.999 4760.436 4760.436 5110.74 5110.74 5676.787 5676.787 5676.787 5676.787 5676.787 6820.538 6820.538 6820.538 7541.19 7541.19 7541.19 7541.19
5925.615 5925.615 5925.615 5218.594 5218.594 4572.688 4572.688 4572.688 4572.688 4572.688 4572.688 4572.688 4572.688 4572.688 4572.688 4572.688 4572.688 4572.688 4079.865 4572.688 4858.88 4858.88 4858.88 4858.88 4858.88 4858.88 5059.286 3435.333 3435.333 3800.04 3800.04 3800.04 3314.052 3260.8 3260.8 3807.512 3807.512 3807.512 3177.019 3177.019 3177.019 3177.019 3177.019 3177.019 3180.327 3180.327 4831.36 3476.814 3476.814 3476.814 4760.436 4760.436 5110.74 5110.74 5110.74 5110.74 5110.74 5676.787 5676.787 5676.787 6820.538 6820.538 6820.538 7541.19 7541.19 7541.19 7541.19
5218.594 5218.594 5218.594 5218.594 5218.594 5218.594 5218.594 5218.594 4572.688 4572.688 4572.688 4572.688 4572.688 4572.688 4572.688 4141.176 4141.176 4141.176 4079.865 4079.865 4858.88 4858.88 4858.88 4858.88 4858.88 4858.88 3435.333 3435.333 3435.333 3800.04 3800.04 3800.04 3314.052 3260.8 3260.8 3260.8 3807.512 2813.618 3177.019 3177.019 3180.327 3180.327 3180.327 3180.327 2545.578 2545.578 3476.814 3476.814 3476.814 4760.436 4760.436 4760.436 4760.436 5110.74 5110.74 5110.74 5110.74 5110.74 5676.787 6820.538 6820.538 6820.538 7541.19 7541.19 7541.19 7541.19 7541.19
5218.594 5218.594 5218.594 5218.594 5218.594 5218.594 5218.594 5218.594 5218.594 4572.688 4572.688 4572.688 4572.688 4572.688 4572.688 4572.688 4141.176 4141.176 4079.865 4079.865 4858.88 4858.88 4858.88 4858.88 4858.88 3435.333 3435.333 3435.333 3435.333 3800.04 3011.963 3314.052 3314.052 3314.052 3260.8 3260.8 2813.618 2813.618 3180.327 3180.327 3180.327 3180.327 3180.327 2545.578 2545.578 2545.578 2545.578 3476.814 4760.436 4760.436 4760.436 4760.436 4760.436 4760.436 5110.74 5110.74 5110.74 5110.74 5110.74 6820.538 6820.538 6820.538 6820.538 7541.19 7541.19 7541.19 7541.19
5218.594 5218.594 5218.594 5218.594 5218.594 5218.594 5218.594 5218.594 5218.594 4572.688 4572.688 4572.688 4572.688 3907.569 4193.869 4193.869 4141.176 4141.176 4079.865 4079.865 4079.865 4858.88 4858.88 3435.333 3435.333 3435.333 3435.333 3435.333 3435.333 3011.963 3011.963 3314.052 3314.052 3314.052 3314.052 3260.8 2813.618 2813.618 3180.327 3180.327 3180.327 3180.327 3180.327 2420.538 2420.538 2420.538 2420.538 2420.538 4760.436 4760.436 4760.436 4760.436 4760.436 4760.436 5110.74 5110.74 5110.74 5110.74 5110.74 6820.538 6820.538 6820.538 6820.538 6820.538 7541.19 7541.19 7541.19
5218.594 5218.594 5218.594 5218.594 5218.594 5218.594 5218.594 5218.594 5218.594 4572.688 4572.688 3907.569 3907.569 3907.569 4193.869 4193.869 4193.869 4141.176 4141.176 2965.751 4079.865 4079.865 3352.683 3352.683 3435.333 3435.333 3435.333 3435.333 3435.333 3011.963 3011.963 3314.052 3314.052 3314.052 2813.618 2813.618 2813.618 2195.336 2402.198 2402.198 2402.198 2402.198 2402.198 2420.538 2420.538 2420.538 2420.538 2420.538 4760.436 4760.436 4760.436 4760.436 4760.436 5110.74 5110.74 5110.74 5110.74 5110.74 5110.74 6820.538 6820.538 6820.538 6820.538 6820.538 7541.19 7541.19 9444.083
5218.594 5218.594 5218.594 5218.594 5218.594 5218.594 5218.594 5218.594 5218.594 3671.978 3907.569 3907.569 3907.569 3907.569 3907.569 4193.869 4193.869 4141.176 4141.176 2965.751 4079.865 4079.865 4079.865 3352.683 3352.683 3435.333 3435.333 3435.333 3435.333 2654.725 2654.725 2654.725 2195.336 2195.336 2195.336 2723.06 2723.06 2723.06 2723.06 2402.198 2402.198 2402.198 2402.198 2402.198 2420.538 2420.538 2420.538 3315.121 4760.436 4760.436 4760.436 4760.436 4760.436 5110.74 5110.74 5110.74 5110.74 5110.74 5110.74 6820.538 6820.538 6820.538 6820.538 6820.538 9444.083 9444.083 9444.083
5218.594 5218.594 5218.594 5218.594 5218.594 5218.594 5218.594 5218.594 3671.978 3671.978 3671.978 3907.569 3907.569 3907.569 3907.569 2918.716 2918.716 2989.006 2989.006 2965.751 2965.751 2965.751 2766.917 3352.683 2624.353 2624.353 3435.333 3435.333 1968.119 2082.207 2228.136 2061.052 2195.336 2195.336 2723.06 2723.06 2723.06 2723.06 2723.06 2402.198 2701.987 2701.987 2577.414 2577.414 2577.414 2809.991 3315.121 3315.121 3467.869 4760.436 4760.436 4760.436 4760.436 5110.74 5110.74 5110.74 5110.74 5110.74 6820.538 6820.538 6820.538 6820.538 6820.538 6820.538 9444.083 9444.083 9444.083
5218.594 5218.594 5218.594 5218.594 5218.594 5218.594 5218.594 5218.594 3671.978 3671.978 3671.978 3907.569 3907.569 3062.334 3062.334 2918.716 2918.716 2989.006 2989.006 2989.006 2965.751 2766.917 2766.917 2624.353 2624.353 2624.353 2105.033 1968.119 2082.207 2082.207 1745.575 1745.575 2195.336 2195.336 2723.06 2723.06 2723.06 2723.06 2723.06 2701.987 2701.987 2701.987 2701.987 2577.414 2484.276 2809.991 2809.991 3467.869 3467.869 3467.869 4760.436 5110.74 5110.74 5110.74 5110.74 5110.74 5110.74 5110.74 5110.74 6820.538 6820.538 6820.538 6820.538 6820.538 9444.083 9444.083 9444.083
6321.137 5218.594 5218.594 5218.594 5218.594 5218.594 5218.594 3671.978 3671.978 3671.978 3671.978 3671.978 3062.334 3062.334 3062.334 2918.716 2918.716 2989.006 2989.006 2989.006 2965.751 2965.751 2766.917 2766.917 2624.353 2105.033 2105.033 1968.119 1968.119 1677.707 1771.613 1771.613 2120.86 2120.86 2259.624 2259.624 2723.06 2723.06 2723.06 2701.987 2701.987 3235.381 3235.381 2484.276 2484.276 2484.276 2809.991 2809.991 3467.869 3467.869 5110.74 5110.74 5110.74 5110.74 5110.74 5110.74 5110.74 5110.74 5110.74 5110.74 6949.345 6820.538 6949.345 6820.538 9444.083 6949.345 6949.345
6321.137 5555.561 5555.561 5218.594 5218.594 5218.594 3671.978 3671.978 3671.978 3671.978 3671.978 3671.978 3062.334 3062.334 3180.052 2786.878 2786.878 2786.878 2995.997 2995.997 2995.997 2965.751 2766.917 2766.917 2766.917 2105.033 2105.033 1968.119 1968.119 1768.322 1768.322 1977.915 2120.86 2259.624 2259.624 2259.624 2723.06 2723.06 2723.06 3235.381 3235.381 3235.381 3235.381 2484.276 2484.276 2484.276 2809.991 3562.674 3562.674 3562.674 3562.674 5110.74 5110.74 5110.74 5110.74 5110.74 5110.74 5110.74 5110.74 6949.345 6949.345 6949.345 6949.345 6949.345 6949.345 6949.345 6949.345
6447.791 5555.561 5555.561 5555.561 5555.561 4802.333 4802.333 4802.333 3671.978 3671.978 3671.978 4141.748 3180.052 3180.052 3180.052 2786.878 2786.878 2786.878 2995.997 3055.573 2995.997 2579.275 2579.275 2425.234 2177.856 2177.856 1849.436 1849.436 1944.675 1870.907 2034.709 1977.915 1977.915 1977.915 2655.506 2655.506 2723.06 2723.06 2723.06 3235.381 3235.381 3235.381 3202.398 3202.398 2484.276 3358.323 3358.323 3358.323 3562.674 3562.674 4450.663 4450.663 5110.74 5110.74 5110.74 5110.74 5110.74 5110.74 6949.345 6949.345 6949.345 6949.345 6949.345 6949.345 6949.345 6949.345 6949.345
6447.791 5555.561 5555.561 5555.561 4802.333 4802.333 4802.333 4802.333 4802.333 4802.333 4141.748 4141.748 3465.032 3180.052 3180.052 3180.052 2786.878 2786.878 3287.316 3287.316 2579.275 2579.275 2425.234 2425.234 2177.856 2177.856 2035.264 2035.264 1944.675 2110.048 2034.709 1977.915 1977.915 2120.86 -9999 -9999 2655.506 2723.06 2723.06 2844.524 2844.524 3202.398 3202.398 3202.398 3202.398 3358.323 3358.323 3358.323 3877.855 3877.855 4450.663 4450.663 4450.663 5110.74 6949.345 5110.74 6949.345 6949.345 6949.345 6949.345 6949.345 6949.345 6949.345 6949.345 6949.345 6949.345 6949.345
-9999 6447.791 6447.791 4838.841 4802.333 4802.333 4802.333 4802.333 4802.333 4802.333 4141.748 4141.748 3465.032 3465.032 3465.032 3465.032 3287.316 3058.672 3058.672 3058.672 3055.573 2787.503 -9999 2787.503 2787.503 2511.566 2234.765 2035.264 1944.675 2110.048 2110.048 2093.877 2120.86 2120.86 2120.86 2120.86 2655.506 2655.506 2655.506 2844.524 2844.524 3232.397 3202.398 3202.398 3147.828 3147.828 3877.855 3877.855 4018.142 3877.855 4450.663 4450.663 4450.663 4217.052 6949.345 6949.345 6949.345 6949.345 6949.345 6949.345 6949.345 6949.345 6949.345 6949.345 6949.345 6949.345 6949.345
7071.002 -9999 -9999 4838.841 4838.841 4838.841 4838.841 4802.333 4802.333 4802.333 4838.841 4141.748 4141.748 3465.032 3465.032 3465.032 3284.981 3284.981 -9999 3284.981 3363.792 2912.648 -9999 2787.503 -9999 -9999 2511.566 2344.658 2344.658 2093.877 2093.877 -9999 2126.679 2126.679 2120.86 -9999 -9999 2655.506 2655.506 2655.506 3232.397 -9999 -9999 3147.828 3147.828 3147.828 3147.828 4018.142 4018.142 4217.052 4217.052 4217.052 4217.052 4217.052 6949.345 6949.345 6949.345 6949.345 6949.345 6949.345 6949.345 6949.345 6949.345 6949.345 6949.345 6949.345 6949.345
7071.002 5602.637 5602.637 -9999 -9999 4838.841 4838.841 4838.841 4838.841 4838.841 4838.841 4838.841 4838.841 3465.032 -9999 -9999 3284.981 -9999 3284.981 -9999 3363.792 -9999 -9999 -9999 -9999 -9999 -9999 -9999 2344.658 -9999 -9999 2126.679 2126.679 2126.679 2126.679 2120.86 -9999 2655.506 -9999 -9999 3065.763 3065.763 -9999 -9999 -9999 -9999 4217.052 4217.052 4217.052 4217.052 4217.052 4217.052 4217.052 4217.052 6949.345 6949.345 6949.345 6949.345 6949.345 6949.345 6949.345 6949.345 6949.345 6949.345 6949.345 6949.345 6949.345
5602.637 5602.637 5602.637 5602.637 5602.637 -9999 -9999 -9999 -9999 -9999 4838.841 -9999 -9999 -9999 4093.46 -9999 -9999 -9999 -9999 -9999 -9999 3634.505 3634.505 3634.505 -9999 2962.15 2962.15 2962.15 2962.15 -9999 2126.679 -9999 -9999 2126.679 2122.428 2122.428 3065.763 -9999 -9999 3065.763 3065.763 3065.763 3065.763 3065.763 3377.006 -9999 4217.052 4217.052 4217.052 4217.052 4217.052 4217.052 4217.052 4217.052 6949.345 6949.345 6949.345 6949.345 6949.345 6949.345 6949.345 6949.345 6949.345 6949.345 6949.345 8985.519 8985.519
5602.637 5602.637 -9999 5602.637 5602.637 5602.637 -9999 -9999 -9999 -9999 -9999 4093.46 -9999 4093.46 4093.46 -9999 4093.46 4431.625 4431.625 4431.625 3634.505 -9999 -9999 3634.505 3634.505 -9999 -9999 2962.15 2962.15 2690.897 2223.449 2223.449 2223.449 2364.983 2364.983 2122.428 2122.428 2677.927 2677.927 2677.927 2677.927 2677.927 3065.763 3065.763 3377.006 3377.006 -9999 -9999 4217.052 4217.052 4217.052 4217.052 4217.052 6949.345 6949.345 6949.345 6949.345 6949.345 6949.345 6949.345 6452.129 6452.129 6452.129 6452.129 6452.129 8985.519 8985.519
5602.637 5602.637 5602.637 5602.637 5602.637 -9999 -9999 -9999 5602.637 -9999 4093.46 4093.46 -9999 4093.46 -9999 -9999 -9999 4431.625 4431.625 4431.625 -9999 3634.505 3634.505 3634.505 3634.505 -9999 -9999 2962.15 2690.897 2690.897 2122.428 2122.428 2122.428 2416.067 2416.067 2416.067 2416.067 2677.927 2677.927 2677.927 2677.927 2677.927 3065.763 3065.763 3377.006 3377.006 3847.774 3847.774 3847.774 -9999 4217.052 4611.055 4611.055 4611.055 4611.055 6949.345 6949.345 6452.129 6452.129 6452.129 6452.129 6452.129 6452.129 6452.129 6452.129 6452.129 8985.519
5602.637 -9999 -9999 -9999 5602.637 5602.637 5602.637 -9999 5602.637 -9999 4093.46 4093.46 4093.46 4093.46 4093.46 4093.46 4093.46 4093.46 4431.625 4431.625 4431.625 3634.505 3634.505 -9999 -9999 -9999 -9999 -9999 3029.578 2690.897 3029.578 3029.578 3029.578 2122.428 2416.067 2416.067 2416.067 2975.777 3297.862 2677.927 3297.862 3297.862 3297.862 3065.763 3377.006 3377.006 3847.774 3847.774 3847.774 3847.774 3847.774 4611.055 4611.055 4611.055 4611.055 4611.055 6452.129 6452.129 6452.129 6452.129 6452.129 6452.129 6452.129 6452.129 6452.129 6452.129 8985.519
5602.637 5602.637 5602.637 5602.637 5602.637 -9999 -9999 -9999 5602.637 5602.637 4093.46 4093.46 4093.46 4093.46 4093.46 4093.46 4093.46 4093.46 4431.625 4431.625 4431.625 -9999 -9999 -9999 3634.505 3993.585 -9999 2962.15 3029.578 3029.578 3029.578 3029.578 3029.578 3029.578 2416.067 2975.777 2975.777 2975.777 3297.862 3297.862 3297.862 3297.862 3297.862 3377.006 3377.006 3787.374 3847.774 3847.774 3847.774 4710.425 4710.425 4611.055 4611.055 4611.055 4611.055 4611.055 6452.129 6452.129 6452.129 6452.129 6452.129 6452.129 6452.129 6452.129 6452.129 6452.129 6452.129
5602.637 5602.637 -9999 5602.637 5602.637 5602.637 5602.637 5602.637 5602.637 5602.637 -9999 4093.46 4515.7 4515.7 4407.299 4407.299 4407.299 4407.299 4431.625 4431.625 4431.625 4431.625 3634.505 3634.505 3993.585 3993.585 3993.585 3029.578 3159.354 3159.354 3159.354 2364.983 2364.983 2364.983 3029.578 2975.777 2975.777 2975.777 2975.777 3297.862 3297.862 4052.674 4052.674 4052.674 3377.006 3787.374 3787.374 3847.774 4710.425 4710.425 4710.425 4710.425 4657.274 5021.601 5021.601 4611.055 4611.055 6452.129 6452.129 5021.601 5021.601 5752.593 5752.593 5752.593 5752.593 5752.593 5752.593
5602.637 5602.637 5602.637 5602.637 5602.637 5602.637 5602.637 5602.637 5602.637 5602.637 -9999 4515.7 4515.7 4515.7 4407.299 4407.299 4407.299 4407.299 4431.625 4812.261 4812.261 4812.261 4671.107 4495.155 3993.585 3993.585 3993.585 3993.585 3159.354 3159.354 3159.354 2364.983 2364.983 2364.983 3029.578 3029.578 2975.777 2975.777 2975.777 3297.862 4459.169 4052.674 4052.674 4052.674 3787.374 3787.374 3787.374 3787.374 4710.425 4710.425 4710.425 4710.425 4657.274 4657.274 5021.601 5021.601 5021.601 5021.601 5021.601 5021.601 5021.601 5752.593 5752.593 5752.593 5752.593 5752.593 7156.183
6708.269 6708.269 5602.637 5602.637 5602.637 5602.637 5602.637 5602.637 5602.637 5602.637 5602.637 4515.7 4515.7 3905.361 3905.361 4407.299 4407.299 4407.299 4812.261 4812.261 4812.261 4671.107 4671.107 4671.107 4671.107 4671.107 3993.585 3029.578 3029.578 3029.578 3029.578 3029.578 3591.338 3591.338 3591.338 3591.338 3911.168 3911.168 3911.168 4459.169 4459.169 4052.674 4052.674 4052.674 4052.674 4124.326 4124.326 4214.556 4710.425 4710.425 4710.425 4710.425 4354.25 4657.274 4657.274 4533.934 4533.934 4533.934 5021.601 5021.601 5752.593 5752.593 5752.593 5752.593 5752.593 5752.593 7156.183
6708.269 6708.269 6708.269 6708.269 5541.824 5541.824 5541.824 5541.824 5541.824 5541.824 5541.824 5541.824 3633.312 3633.312 3905.361 3905.361 3905.361 3905.361 4812.261 4812.261 4812.261 4812.261 4671.107 4671.107 4671.107 4671.107 4671.107 4671.107 4671.107 3029.578 3889.13 3159.771 3159.771 3159.771 3159.771 3159.771 3911.168 3911.168 3911.168 4459.169 4459.169 4459.169 4052.674 4052.674 4052.674 4052.674 4124.326 4214.556 4354.25 4354.25 4354.25 4354.25 4354.25 3615.131 4533.934 4533.934 4533.934 4533.934 5021.601 5752.593 5752.593 5752.593 5752.593 5752.593 5752.593 5752.593 7156.183
6708.269 6708.269 6708.269 6708.269 5655.709 5655.709 5655.709 5541.824 5541.824 5541.824 5541.824 3997.718 3633.312 3633.312 3633.312 3905.361 3905.361 3905.361 4892.027 4892.027 4892.027 4671.107 4671.107 4671.107 4671.107 4671.107 4671.107 4671.107 4671.107 3889.13 3889.13 3591.338 3591.338 3159.771 3159.771 3591.338 3911.168 3911.168 3911.168 4459.169 4459.169 4459.169 4052.674 4052.674 4052.674 4052.674 4052.674 4214.556 4354.25 4354.25 4354.25 4354.25 4354.25 4354.25 3615.131 4150.939 4150.939 4150.939 4150.939 5752.593 5752.593 5752.593 5752.593 5752.593 5752.593 5752.593 7156.183
