lus_demo/data/Current_situation/Thematic_maps/Accessibility/dist_train_stations_2010.asc
ncols         540
nrows         650
xllcorner     10000
yllcorner     300000
cellsize      500
NODATA_value  -9999
[rows 465 to 495 of 650, columns 138 to 206 of 540]
2000 2061.553 2236.068 2500 2828.427 3201.562 3605.551 4031.129 4472.136 4924.429 5385.165 5852.35 6041.523 5590.17 5147.815 4716.991 4301.163 3905.125 3535.534 3201.562 2915.476 2692.583 2549.51 2500 2549.51 2692.583 2915.476 3201.562 3535.534 3905.125 4301.163 4716.991 5147.815 5590.17 6041.523 6500 6964.194 7433.034 7905.694 7632.169 7382.412 7158.911 6964.194 6800.735 6670.832 6576.473 6519.203 6500 6519.203 6576.473 6670.832 6800.735 6964.194 7158.911 7382.412 7632.169 7905.694 8200.609 8514.693 8845.903 9192.388 9013.878 8860.022 8732.125 8631.338 8558.621 8514.693 8500 8514.693
1500 1581.139 1802.776 2121.32 2500 2915.476 3354.102 3807.886 4272.002 4743.417 5220.153 5700.877 6184.658 5830.952 5408.327 5000 4609.772 4242.641 3905.125 3605.551 3354.102 3162.278 3041.381 3000 3041.381 3162.278 3354.102 3605.551 3905.125 4242.641 4609.772 5000 5408.327 5830.952 6264.982 6708.204 7158.911 7615.773 8077.747 8062.258 7826.238 7615.773 7433.034 7280.11 7158.911 7071.068 7017.834 7000 7017.834 7071.068 7158.911 7280.11 7433.034 7615.773 7826.238 8062.258 8321.658 8602.325 8902.247 9219.545 9552.486 9486.833 9340.771 9219.545 9124.144 9055.385 9013.878 9000 9013.878
1000 1118.034 1414.214 1802.776 2236.068 2692.583 3162.278 3640.055 4123.105 4609.772 5099.02 5590.17 6082.763 6103.278 5700.877 5315.073 4949.748 4609.772 4301.163 4031.129 3807.886 3640.055 3535.534 3500 3535.534 3640.055 3807.886 4031.129 4301.163 4609.772 4949.748 5315.073 5700.877 6103.278 6519.203 6946.222 7382.412 7826.238 8276.473 8500 8276.473 8077.747 7905.694 7762.087 7648.529 7566.373 7516.648 7500 7516.648 7566.373 7648.529 7762.087 7905.694 8077.747 8276.473 8500 8746.428 9013.878 9300.538 9604.687 9924.717 9962.43 9823.441 9708.244 9617.692 9552.486 9513.148 9500 9513.148
500 707.1068 1118.034 1581.139 2061.553 2549.51 3041.381 3535.534 4031.129 4527.692 5024.938 5522.681 6020.797 6403.124 6020.797 5656.854 5315.073 5000 4716.991 4472.136 4272.002 4123.105 4031.129 4000 4031.129 4123.105 4272.002 4472.136 4716.991 5000 5315.073 5656.854 6020.797 6403.124 6800.735 7211.103 7632.169 8062.258 8500 8944.271 8732.125 8544.004 8381.527 8246.211 8139.41 8062.258 8015.61 8000 8015.61 8062.258 8139.41 8246.211 8381.527 8544.004 8732.125 8944.271 9178.78 9433.981 9708.244 10000 10307.76 10440.31 10307.76 10198.04 10111.87 -9999 -9999 -9999 10012.49
0 500 1000 1500 2000 2500 3000 3500 4000 4500 5000 5500 6000 6500 6363.961 6020.797 5700.877 5408.327 5147.815 4924.429 4743.417 4609.772 4527.692 4500 4527.692 4609.772 4743.417 4924.429 5147.815 5408.327 5700.877 6020.797 6363.961 6726.812 7106.335 7500 7905.694 8321.658 8746.428 9178.78 9192.388 9013.878 8860.022 8732.125 8631.338 8558.621 8514.693 8500 8514.693 8558.621 8631.338 8732.125 8860.022 9013.878 9192.388 9394.147 9617.692 9861.541 10124.23 10404.33 10700.47 10920.17 10793.52 10688.78 -9999 -9999 -9999 -9999 -9999
500 707.1068 1118.034 1581.139 2061.553 2549.51 3041.381 3535.534 4031.129 4527.692 5024.938 5522.681 6020.797 6519.203 6726.812 6403.124 6103.278 5830.952 5590.17 5385.165 5220.153 5099.02 5024.938 5000 5024.938 5099.02 5220.153 5385.165 5590.17 5830.952 6103.278 6403.124 6726.812 7071.068 7433.034 7810.25 8200.609 8602.325 9013.878 9433.981 9656.604 9486.833 9340.771 9219.545 9124.144 9055.385 9013.878 9000 9013.878 9055.385 9124.144 9219.545 9340.771 9486.833 9656.604 9848.857 10062.31 10295.63 10547.51 10816.65 11101.8 11401.75 11280.51 11180.34 -9999 -9999 -9999 -9999 -9999
1000 1118.034 1414.214 1802.776 2236.068 2692.583 3162.278 3640.055 4123.105 4609.772 5099.02 5590.17 6082.763 6576.473 7071.068 6800.735 6519.203 6264.982 6041.523 5852.35 5700.877 5590.17 5522.681 5500 5522.681 5590.17 5700.877 5852.35 6041.523 6264.982 6519.203 6800.735 7106.335 7433.034 7778.175 8139.41 8514.693 8902.247 9300.538 9708.244 10124.23 9962.43 9823.441 9708.244 9617.692 9552.486 9513.148 9500 9513.148 9552.486 9617.692 9708.244 9823.441 9962.43 10124.23 10307.76 10511.9 10735.46 10977.25 11236.1 11510.86 11800.42 11768.6 -9999 -9999 -9999 -9999 -9999 -9999
1500 1581.139 1802.776 2121.32 2500 2915.476 3354.102 3807.886 4272.002 4743.417 5220.153 5700.877 6184.658 6670.832 7158.911 7211.103 6946.222 6708.204 6500 6324.555 6184.658 6082.763 6020.797 6000 6020.797 6082.763 6184.658 6324.555 6500 6708.204 6946.222 7211.103 7500 7810.25 8139.41 8485.281 8845.903 9219.545 9604.687 10000 10404.33 10440.31 10307.76 10198.04 10111.87 10049.88 10012.49 10000 10012.49 10049.88 10111.87 10198.04 10307.76 10440.31 10594.81 10770.33 10965.86 11180.34 11412.71 11661.9 11926.86 -9999 -9999 -9999 -9999 -9999 -9999 -9999 -9999
2000 2061.553 2236.068 2500 2828.427 3201.562 3605.551 4031.129 4472.136 4924.429 5385.165 5852.35 6324.555 6800.735 7280.11 7632.169 7382.412 7158.911 6964.194 6800.735 6670.832 6576.473 6519.203 6500 6519.203 6576.473 6670.832 6800.735 6964.194 -9999 -9999 -9999 -9999 -9999 -9999 8845.903 9192.388 9552.486 9924.717 10307.76 10700.47 10920.17 10793.52 10688.78 10606.6 10547.51 10511.9 10500 10511.9 10547.51 10606.6 10688.78 10793.52 10920.17 11067.97 11236.1 11423.66 11629.7 11853.27 12093.39 -9999 -9999 -9999 -9999 -9999 -9999 -9999 -9999 -9999
2500 2549.51 2692.583 2915.476 3201.562 3535.534 3905.125 4301.163 4716.991 5147.815 5590.17 6041.523 6500 6964.194 7433.034 7905.694 7826.238 7615.773 7433.034 7280.11 7158.911 7071.068 7017.834 7000 -9999 -9999 -9999 -9999 -9999 -9999 -9999 -9999 -9999 -9999 -9999 9219.545 9552.486 9899.495 10259.14 10630.15 11011.36 11401.75 11280.51 11180.34 11101.8 11045.36 11011.36 11000 11011.36 11045.36 11101.8 11180.34 11280.51 11401.75 11543.4 11704.7 11884.86 12083.05 12298.37 12529.96 -9999 -9999 -9999 -9999 -9999 -9999 -9999 -9999 -9999
3000 3041.381 3162.278 3354.102 3605.551 3905.125 4242.641 4609.772 5000 5408.327 5830.952 6264.982 6708.204 7158.911 7615.773 8077.747 8276.473 8077.747 7905.694 7762.087 7648.529 7566.373 -9999 -9999 -9999 -9999 -9999 -9999 -9999 -9999 -9999 -9999 -9999 -9999 -9999 9604.687 9924.717 10259.14 10606.6 10965.86 11335.78 11715.38 11768.6 11672.62 11597.41 11543.4 11510.86 11500 11510.86 11543.4 11597.41 11672.62 11768.6 11884.86 12020.82 12175.8 12349.09 12539.94 12747.55 -9999 -9999 -9999 -9999 -9999 -9999 -9999 -9999 -9999 -9999
3500 3535.534 3640.055 3807.886 4031.129 4301.163 4609.772 4949.748 5315.073 5700.877 6103.278 6519.203 6946.222 7382.412 7826.238 8276.473 8732.125 8544.004 8381.527 -9999 -9999 -9999 -9999 -9999 -9999 -9999 -9999 -9999 -9999 -9999 -9999 -9999 -9999 -9999 -9999 10000 10307.76 10630.15 10965.86 11313.71 11672.62 12041.59 12257.65 12165.53 12093.39 12041.59 12010.41 12000 12010.41 12041.59 12093.39 12165.53 12257.65 12369.32 12500 12649.11 12816.01 -9999 -9999 -9999 -9999 -9999 -9999 -9999 -9999 -9999 -9999 -9999 -9999
4000 4031.129 4123.105 4272.002 4472.136 4716.991 5000 5315.073 5656.854 6020.797 6403.124 6800.735 7211.103 7632.169 8062.258 8500 8944.271 -9999 -9999 -9999 -9999 -9999 -9999 -9999 -9999 -9999 -9999 -9999 -9999 -9999 -9999 -9999 -9999 -9999 10124.23 10404.33 10700.47 11011.36 11335.78 11672.62 12020.82 12379.42 12747.55 12658.99 12589.68 12539.94 12510 12500 12510 12539.94 12589.68 12658.99 12747.55 12854.96 12980.75 13124.4 13285.33 -9999 -9999 -9999 -9999 -9999 -9999 -9999 -9999 -9999 -9999 -9999 -9999
4500 4527.692 4609.772 4743.417 4924.429 5147.815 5408.327 5700.877 6020.797 6363.961 6726.812 7106.335 7500 7905.694 8321.658 -9999 -9999 -9999 -9999 -9999 -9999 -9999 -9999 -9999 -9999 -9999 -9999 -9999 -9999 -9999 -9999 -9999 -9999 -9999 10547.51 10816.65 11101.8 11401.75 11715.38 12041.59 12379.42 12727.92 13086.25 13152.95 13086.25 13038.41 13009.61 13000 13009.61 13038.41 13086.25 13152.95 13238.2 13341.66 13462.91 13601.47 -9999 -9999 -9999 -9999 -9999 -9999 -9999 -9999 -9999 -9999 -9999 -9999 -9999
5000 5024.938 5099.02 5220.153 5385.165 5590.17 5830.952 6103.278 6403.124 6726.812 7071.068 7433.034 7810.25 -9999 -9999 -9999 -9999 -9999 -9999 -9999 -9999 -9999 -9999 -9999 -9999 -9999 -9999 -9999 -9999 -9999 -9999 -9999 -9999 10735.46 10977.25 11236.1 11510.86 11800.42 12103.72 12419.74 12747.55 13086.25 13435.03 13647.34 13583.08 13536.99 13509.26 13500 13509.26 13536.99 13583.08 13647.34 13729.53 13829.32 13946.33 14080.13 -9999 -9999 -9999 -9999 -9999 -9999 -9999 -9999 -9999 -9999 -9999 -9999 -9999
5500 5522.681 5590.17 5700.877 5852.35 6041.523 6264.982 6519.203 6800.735 7106.335 7433.034 7778.175 -9999 -9999 -9999 -9999 -9999 -9999 -9999 -9999 -9999 -9999 -9999 -9999 -9999 -9999 -9999 -9999 -9999 -9999 -9999 -9999 -9999 11180.34 11412.71 11661.9 11926.86 12206.56 12500 12806.25 13124.4 13453.62 13793.11 14142.14 14080.13 14035.67 14008.93 14000 14008.93 14035.67 14080.13 14142.14 14221.46 -9999 -9999 -9999 -9999 -9999 -9999 -9999 -9999 -9999 -9999 -9999 -9999 -9999 -9999 -9999 -9999
6000 6020.797 6082.763 6184.658 6324.555 6500 6708.204 6946.222 7211.103 7500 7810.25 8139.41 8485.281 8845.903 -9999 -9999 -9999 -9999 -9999 -9999 -9999 -9999 -9999 -9999 -9999 -9999 -9999 -9999 -9999 -9999 -9999 -9999 -9999 11629.7 11853.27 12093.39 12349.09 12619.43 12903.49 13200.38 13509.26 13829.32 14159.8 14500 14577.38 14534.44 14508.62 14500 14508.62 14534.44 14577.38 14637.28 -9999 -9999 -9999 -9999 -9999 -9999 -9999 -9999 -9999 -9999 -9999 -9999 -9999 -9999 -9999 -9999 -9999
6500 6519.203 6576.473 6670.832 6800.735 6964.194 7158.911 7382.412 7632.169 7905.694 8200.609 8514.693 8845.903 9192.388 -9999 -9999 -9999 -9999 -9999 -9999 -9999 -9999 -9999 -9999 -9999 -9999 -9999 -9999 -9999 -9999 -9999 -9999 -9999 12083.05 12298.37 12529.96 12776.93 13038.41 13313.53 13601.47 13901.44 14212.67 14534.44 14866.07 15074.81 15033.3 15008.33 15000 15008.33 15033.3 15074.81 15132.75 -9999 -9999 -9999 -9999 -9999 -9999 -9999 -9999 -9999 -9999 -9999 -9999 -9999 -9999 -9999 -9999 -9999
7000 7017.834 7071.068 7158.911 7280.11 7433.034 7615.773 7826.238 8062.258 8321.658 8602.325 8902.247 9219.545 9552.486 9899.495 -9999 -9999 -9999 -9999 -9999 -9999 -9999 -9999 -9999 -9999 -9999 -9999 -9999 -9999 -9999 -9999 -9999 -9999 12539.94 12747.55 12971.12 13209.84 13462.91 13729.53 14008.93 14300.35 14603.08 14916.43 15239.75 15572.41 15532.22 15508.06 15500 15508.06 15532.22 15572.41 15628.5 -9999 -9999 -9999 -9999 -9999 -9999 -9999 -9999 -9999 -9999 -9999 -9999 -9999 -9999 -9999 -9999 -9999
7500 7516.648 7566.373 7648.529 7762.087 7905.694 8077.747 8276.473 8500 8746.428 9013.878 9300.538 9604.687 9924.717 -9999 -9999 -9999 -9999 -9999 -9999 -9999 -9999 -9999 -9999 -9999 -9999 -9999 -9999 -9999 -9999 -9999 -9999 -9999 13000 13200.38 13416.41 13647.34 -9999 -9999 -9999 -9999 -9999 -9999 15620.5 15945.22 16031.22 16007.81 16000 16007.81 16031.22 16070.16 16124.52 -9999 -9999 -9999 -9999 -9999 -9999 -9999 -9999 -9999 -9999 -9999 -9999 -9999 -9999 -9999 18000 18006.94
8000 8015.61 8062.258 8139.41 8246.211 8381.527 8544.004 8732.125 8944.271 9178.78 9433.981 9708.244 10000 -9999 -9999 -9999 -9999 -9999 -9999 -9999 -9999 -9999 -9999 -9999 -9999 -9999 -9999 -9999 -9999 -9999 -9999 -9999 -9999 -9999 13656.5 -9999 -9999 -9999 -9999 -9999 -9999 -9999 -9999 -9999 -9999 -9999 -9999 16500 16507.57 16530.28 16568.04 -9999 -9999 -9999 -9999 -9999 -9999 -9999 -9999 -9999 -9999 -9999 -9999 -9999 -9999 -9999 18506.76 18500 18506.76
8500 8514.693 8558.621 8631.338 8732.125 8860.022 9013.878 9192.388 9394.147 9617.692 9861.541 10124.23 10404.33 -9999 -9999 -9999 -9999 -9999 -9999 -9999 -9999 -9999 -9999 -9999 -9999 -9999 -9999 -9999 -9999 -9999 -9999 -9999 -9999 -9999 -9999 -9999 -9999 -9999 -9999 -9999 -9999 -9999 -9999 -9999 -9999 -9999 -9999 -9999 -9999 -9999 -9999 -9999 -9999 -9999 -9999 -9999 -9999 -9999 -9999 -9999 -9999 -9999 -9999 -9999 -9999 -9999 19006.58 19000 19006.58
9000 9013.878 9055.385 9124.144 9219.545 9340.771 9486.833 9656.604 9848.857 10062.31 10295.63 10547.51 10816.65 -9999 -9999 -9999 -9999 -9999 -9999 -9999 -9999 -9999 -9999 -9999 -9999 -9999 -9999 -9999 -9999 -9999 -9999 -9999 -9999 -9999 -9999 -9999 -9999 -9999 -9999 -9999 -9999 -9999 -9999 -9999 -9999 -9999 -9999 -9999 -9999 -9999 -9999 -9999 -9999 -9999 -9999 -9999 -9999 -9999 -9999 -9999 -9999 -9999 -9999 -9999 -9999 -9999 19506.41 19500 19506.41
9500 9513.148 9552.486 9617.692 9708.244 9823.441 9962.43 10124.23 10307.76 10511.9 10735.46 10977.25 11236.1 -9999 -9999 -9999 -9999 -9999 -9999 -9999 -9999 -9999 -9999 -9999 -9999 -9999 -9999 -9999 -9999 -9999 -9999 -9999 -9999 -9999 -9999 -9999 -9999 -9999 -9999 -9999 -9999 -9999 -9999 -9999 -9999 -9999 -9999 -9999 -9999 -9999 -9999 -9999 -9999 -9999 -9999 -9999 -9999 -9999 -9999 -9999 -9999 -9999 -9999 -9999 -9999 -9999 -9999 -9999 20006.25
9708.244 10012.49 10049.88 10111.87 10198.04 10307.76 10440.31 10594.81 10770.33 10965.86 11180.34 11412.71 11661.9 11926.86 -9999 -9999 -9999 -9999 -9999 -9999 -9999 -9999 -9999 -9999 -9999 -9999 -9999 -9999 -9999 -9999 -9999 -9999 -9999 -9999 -9999 -9999 -9999 -9999 -9999 -9999 -9999 -9999 -9999 -9999 -9999 -9999 -9999 -9999 -9999 -9999 -9999 -9999 -9999 -9999 -9999 -9999 -9999 -9999 -9999 -9999 -9999 -9999 -9999 -9999 -9999 -9999 -9999 -9999 -9999
9823.441 10307.76 10547.51 10606.6 10688.78 10793.52 10920.17 11067.97 11236.1 11423.66 11629.7 11853.27 12093.39 12349.09 12619.43 -9999 -9999 -9999 -9999 -9999 -9999 -9999 -9999 -9999 -9999 -9999 -9999 -9999 -9999 -9999 -9999 -9999 -9999 -9999 -9999 -9999 -9999 -9999 -9999 -9999 -9999 -9999 -9999 -9999 -9999 -9999 -9999 -9999 -9999 -9999 -9999 -9999 -9999 -9999 -9999 -9999 -9999 -9999 -9999 -9999 -9999 -9999 -9999 -9999 -9999 -9999 -9999 -9999 -9999
9962.43 10440.31 10920.17 11101.8 11180.34 11280.51 11401.75 11543.4 11704.7 11884.86 12083.05 12298.37 12529.96 12776.93 13038.41 -9999 -9999 -9999 -9999 -9999 -9999 -9999 -9999 -9999 -9999 -9999 -9999 -9999 -9999 -9999 -9999 -9999 -9999 -9999 -9999 -9999 -9999 -9999 -9999 -9999 -9999 -9999 -9999 -9999 -9999 -9999 -9999 -9999 -9999 -9999 -9999 -9999 -9999 -9999 -9999 -9999 -9999 -9999 -9999 -9999 -9999 -9999 -9999 -9999 -9999 -9999 -9999 -9999 -9999
10124.23 10594.81 11067.97 11543.4 11672.62 11768.6 11884.86 12020.82 12175.8 12349.09 12539.94 12747.55 12971.12 13209.84 13462.91 13729.53 -9999 -9999 -9999 -9999 -9999 -9999 -9999 -9999 -9999 -9999 -9999 -9999 -9999 -9999 -9999 -9999 -9999 -9999 -9999 -9999 -9999 -9999 -9999 -9999 -9999 -9999 -9999 -9999 -9999 -9999 -9999 -9999 -9999 -9999 -9999 -9999 -9999 -9999 -9999 -9999 -9999 -9999 -9999 -9999 -9999 -9999 -9999 -9999 -9999 -9999 -9999 -9999 -9999
10307.76 10770.33 11236.1 11704.7 12165.53 12257.65 12369.32 12500 12649.11 12816.01 13000 13200.38 13416.41 13647.34 13892.44 14150.97 14422.21 -9999 -9999 -9999 -9999 -9999 -9999 -9999 -9999 -9999 -9999 -9999 -9999 -9999 -9999 -9999 -9999 -9999 -9999 -9999 -9999 -9999 -9999 -9999 -9999 -9999 -9999 -9999 -9999 -9999 -9999 -9999 -9999 -9999 -9999 -9999 -9999 -9999 -9999 -9999 -9999 -9999 -9999 -9999 -9999 -9999 -9999 -9999 -9999 -9999 -9999 -9999 -9999
10511.9 10965.86 11423.66 11884.86 12349.09 12747.55 12854.96 12980.75 13124.4 13285.33 13462.91 13656.5 13865.42 14089 14326.55 14577.38 14840.82 15116.22 -9999 -9999 -9999 -9999 -9999 -9999 -9999 -9999 -9999 -9999 -9999 -9999 -9999 -9999 -9999 -9999 -9999 -9999 -9999 -9999 -9999 -9999 -9999 -9999 -9999 -9999 -9999 -9999 -9999 -9999 -9999 -9999 -9999 -9999 -9999 -9999 -9999 -9999 -9999 -9999 -9999 -9999 -9999 -9999 -9999 -9999 -9999 -9999 -9999 -9999 -9999
10735.46 11180.34 11629.7 12083.05 12539.94 13000 13341.66 13462.91 13601.47 13756.82 13928.39 14115.59 14317.82 14534.44 14764.82 15008.33 15264.34 15532.22 -9999 -9999 -9999 -9999 -9999 -9999 -9999 -9999 -9999 -9999 -9999 -9999 -9999 -9999 -9999 -9999 -9999 -9999 -9999 -9999 -9999 -9999 -9999 -9999 -9999 -9999 -9999 -9999 -9999 -9999 -9999 -9999 -9999 -9999 -9999 -9999 -9999 -9999 -9999 -9999 -9999 -9999 -9999 -9999 -9999 -9999 -9999 -9999 -9999 -9999 -9999
