lus_demo/data/Current_situation/Thematic_maps/Accessibility/dist_train_stations_2010.asc
ncols         540
nrows         650
xllcorner     10000
yllcorner     300000
cellsize      500
NODATA_value  -9999
[rows 62 to 92 of 650, columns 345 to 413 of 540]
14534.44 14508.62 14422.21 14150.97 13892.44 13647.34 13416.41 13200.38 13000 12816.01 12649.11 12500 12349.09 12093.39 11853.27 11629.7 11423.66 11236.1 11067.97 10816.65 10547.51 10295.63 10062.31 9848.857 9656.604 9486.833 9340.771 9219.545 9124.144 9055.385 9013.878 9000 9013.878 9055.385 9124.144 9219.545 9340.771 9178.78 8944.271 8732.125 8544.004 8381.527 8246.211 8139.41 8062.258 8015.61 8000 8015.61 8062.258 8139.41 8246.211 8381.527 8544.004 8732.125 8944.271 9178.78 9433.981 9708.244 9433.981 9178.78 8944.271 8732.125 8544.004 8381.527 8246.211 8139.41 8062.258 8015.61 8000
14035.67 14008.93 14000 13729.53 13462.91 13209.84 12971.12 12747.55 12539.94 12349.09 12175.8 12020.82 11884.86 11661.9 11412.71 11180.34 10965.86 10770.33 10594.81 10404.33 10124.23 9861.541 9617.692 9394.147 9192.388 9013.878 8860.022 8732.125 8631.338 8558.621 8514.693 8500 8514.693 8558.621 8631.338 8732.125 8860.022 8746.428 8500 8276.473 8077.747 7905.694 7762.087 7648.529 7566.373 7516.648 7500 7516.648 7566.373 7648.529 7762.087 7905.694 8077.747 8276.473 8500 8746.428 9013.878 9300.538 9013.878 8746.428 8500 8276.473 8077.747 7905.694 7762.087 7648.529 7566.373 7516.648 7500
13536.99 13509.26 13500 13313.53 13038.41 12776.93 12529.96 12298.37 12083.05 11884.86 11704.7 11543.4 11401.75 11236.1 10977.25 10735.46 10511.9 10307.76 10124.23 9962.43 9708.244 9433.981 9178.78 8944.271 8732.125 8544.004 8381.527 8246.211 8139.41 8062.258 8015.61 8000 8015.61 8062.258 8139.41 8246.211 8381.527 8321.658 8062.258 7826.238 7615.773 7433.034 7280.11 7158.911 7071.068 7017.834 7000 7017.834 7071.068 7158.911 7280.11 7433.034 7615.773 7826.238 8062.258 8321.658 8602.325 8902.247 8602.325 8321.658 8062.258 7826.238 7615.773 7433.034 7280.11 7158.911 7071.068 7017.834 7000
13038.41 13009.61 13000 12903.49 12619.43 12349.09 12093.39 11853.27 11629.7 11423.66 11236.1 11067.97 10920.17 10793.52 10547.51 10295.63 10062.31 9848.857 9656.604 9486.833 9300.538 9013.878 8746.428 8500 8276.473 8077.747 7905.694 7762.087 7648.529 7566.373 7516.648 7500 7516.648 7566.373 7648.529 7762.087 7905.694 7905.694 7632.169 7382.412 7158.911 6964.194 6800.735 6670.832 6576.473 6519.203 6500 6519.203 6576.473 6670.832 6800.735 6964.194 7158.911 7382.412 7632.169 7905.694 8200.609 8514.693 8200.609 7905.694 7632.169 7382.412 7158.911 6964.194 6800.735 6670.832 6576.473 6519.203 6500
12539.94 12510 12500 12500 12206.56 11926.86 11661.9 11412.71 11180.34 10965.86 10770.33 10594.81 10440.31 10307.76 10124.23 9861.541 9617.692 9394.147 9192.388 9013.878 8860.022 8602.325 8321.658 8062.258 7826.238 7615.773 7433.034 7280.11 7158.911 7071.068 7017.834 7000 7017.834 7071.068 7158.911 7280.11 7433.034 7500 7211.103 6946.222 6708.204 6500 6324.555 6184.658 6082.763 6020.797 6000 6020.797 6082.763 6184.658 6324.555 6500 6708.204 6946.222 7211.103 7500 7810.25 8139.41 7810.25 7500 7211.103 6946.222 6708.204 6500 6324.555 6184.658 6082.763 6020.797 6000
12041.59 12010.41 12000 12010.41 11800.42 11510.86 11236.1 10977.25 10735.46 10511.9 10307.76 10124.23 9962.43 9823.441 9708.244 9433.981 9178.78 8944.271 8732.125 8544.004 8381.527 8200.609 7905.694 7632.169 7382.412 7158.911 6964.194 6800.735 6670.832 6576.473 6519.203 6500 6519.203 6576.473 6670.832 6800.735 6964.194 7106.335 6800.735 6519.203 6264.982 6041.523 5852.35 5700.877 5590.17 5522.681 5500 5522.681 5590.17 5700.877 5852.35 6041.523 6264.982 6519.203 6800.735 7106.335 7433.034 7778.175 7433.034 7106.335 6800.735 6519.203 6264.982 6041.523 5852.35 5700.877 5590.17 5522.681 5500
11543.4 11510.86 11500 11510.86 11401.75 11101.8 10816.65 10547.51 10295.63 10062.31 9848.857 9656.604 9486.833 9340.771 9219.545 9013.878 8746.428 8500 8276.473 8077.747 7905.694 7762.087 7500 7211.103 6946.222 6708.204 6500 6324.555 6184.658 6082.763 6020.797 6000 6020.797 6082.763 6184.658 6324.555 6500 6708.204 6403.124 6103.278 5830.952 5590.17 5385.165 5220.153 5099.02 5024.938 5000 5024.938 5099.02 5220.153 5385.165 5590.17 5830.952 6103.278 6403.124 6726.812 7071.068 7433.034 7071.068 6726.812 6403.124 6103.278 5830.952 5590.17 5385.165 5220.153 5099.02 5024.938 5000
11045.36 11011.36 11000 11011.36 11011.36 10700.47 10404.33 10124.23 9861.541 9617.692 9394.147 9192.388 9013.878 8860.022 8732.125 8602.325 8321.658 8062.258 7826.238 7615.773 7433.034 7280.11 7106.335 6800.735 6519.203 6264.982 6041.523 5852.35 5700.877 5590.17 5522.681 5500 5522.681 5590.17 5700.877 5852.35 6041.523 6264.982 6020.797 5700.877 5408.327 5147.815 4924.429 4743.417 4609.772 4527.692 4500 4527.692 4609.772 4743.417 4924.429 5147.815 5408.327 5700.877 6020.797 6363.961 6726.812 7106.335 6726.812 6363.961 6020.797 5700.877 5408.327 5147.815 4924.429 4743.417 4609.772 4527.692 4500
10547.51 10511.9 10500 10511.9 10511.9 10307.76 10000 9708.244 9433.981 9178.78 8944.271 8732.125 8544.004 8381.527 8246.211 8139.41 7905.694 7632.169 7382.412 7158.911 6964.194 6800.735 6670.832 6403.124 6103.278 5830.952 5590.17 5385.165 5220.153 5099.02 5024.938 5000 5024.938 5099.02 5220.153 5385.165 5590.17 5830.952 5656.854 5315.073 5000 4716.991 4472.136 4272.002 4123.105 4031.129 4000 4031.129 4123.105 4272.002 4472.136 4716.991 5000 5315.073 5656.854 6020.797 6403.124 6800.735 6403.124 6020.797 5656.854 5315.073 5000 4716.991 4472.136 4272.002 4123.105 4031.129 4000
10049.88 10012.49 10000 10012.49 10012.49 9924.717 9604.687 9300.538 9013.878 8746.428 8500 8276.473 8077.747 7905.694 7762.087 7648.529 7500 7211.103 6946.222 6708.204 6500 6324.555 6184.658 6020.797 5700.877 5408.327 5147.815 4924.429 4743.417 4609.772 4527.692 4500 4527.692 4609.772 4743.417 4924.429 5147.815 5408.327 5315.073 4949.748 4609.772 4301.163 4031.129 3807.886 3640.055 3535.534 3500 3535.534 3640.055 3807.886 4031.129 4301.163 4609.772 4949.748 5315.073 5700.877 6103.278 6519.203 6103.278 5700.877 5315.073 4949.748 4609.772 4301.163 4031.129 3807.886 3640.055 3535.534 3500
9552.486 9513.148 9500 9513.148 9513.148 9500 9219.545 8902.247 8602.325 8321.658 8062.258 7826.238 7615.773 7433.034 7280.11 7158.911 7071.068 6800.735 6519.203 6264.982 6041.523 5852.35 5700.877 5590.17 5315.073 5000 4716.991 4472.136 4272.002 4123.105 4031.129 4000 4031.129 4123.105 4272.002 4472.136 4716.991 5000 5000 4609.772 4242.641 3905.125 3605.551 3354.102 3162.278 3041.381 3000 3041.381 3162.278 3354.102 3605.551 3905.125 4242.641 4609.772 5000 5408.327 5830.952 6264.982 5830.952 5408.327 5000 4609.772 4242.641 3905.125 3605.551 3354.102 3162.278 3041.381 3000
9055.385 9013.878 9000 9013.878 9013.878 9000 8845.903 8514.693 8200.609 7905.694 7632.169 7382.412 7158.911 6964.194 6800.735 6670.832 6576.473 6403.124 6103.278 5830.952 5590.17 5385.165 5220.153 5099.02 4949.748 4609.772 4301.163 4031.129 3807.886 3640.055 3535.534 3500 3535.534 3640.055 3807.886 4031.129 4301.163 4609.772 4716.991 4301.163 3905.125 3535.534 3201.562 2915.476 2692.583 2549.51 2500 2549.51 2692.583 2915.476 3201.562 3535.534 3905.125 4301.163 4716.991 5147.815 5590.17 6041.523 5590.17 5147.815 4716.991 4301.163 3905.125 3535.534 3201.562 2915.476 2692.583 2549.51 2500
8558.621 8514.693 8500 8514.693 8514.693 8500 8485.281 8139.41 7810.25 7500 7211.103 6946.222 6708.204 6500 6324.555 6184.658 6082.763 6020.797 5700.877 5408.327 5147.815 4924.429 4743.417 4609.772 4527.692 4242.641 3905.125 3605.551 3354.102 3162.278 3041.381 3000 3041.381 3162.278 3354.102 3605.551 3905.125 4242.641 4472.136 4031.129 3605.551 3201.562 2828.427 2500 2236.068 2061.553 2000 2061.553 2236.068 2500 2828.427 3201.562 3605.551 4031.129 4472.136 4924.429 5385.165 5852.35 5385.165 4924.429 4472.136 4031.129 3605.551 3201.562 2828.427 2500 2236.068 2061.553 2000
8062.258 8015.61 8000 8015.61 8015.61 8000 8015.61 7778.175 7433.034 7106.335 6800.735 6519.203 6264.982 6041.523 5852.35 5700.877 5590.17 5522.681 5315.073 5000 4716.991 4472.136 4272.002 4123.105 4031.129 3905.125 3535.534 3201.562 2915.476 2692.583 2549.51 2500 2549.51 2692.583 2915.476 3201.562 3535.534 3905.125 4272.002 3807.886 3354.102 2915.476 2500 2121.32 1802.776 1581.139 1500 1581.139 1802.776 2121.32 2500 2915.476 3354.102 3807.886 4272.002 4743.417 5220.153 5700.877 5220.153 4743.417 4272.002 3807.886 3354.102 2915.476 2500 2121.32 1802.776 1581.139 1500
7566.373 7516.648 7500 7516.648 7516.648 7500 7516.648 7433.034 7071.068 6726.812 6403.124 6103.278 5830.952 5590.17 5385.165 5220.153 5099.02 5024.938 4949.748 4609.772 4301.163 4031.129 3807.886 3640.055 3535.534 3500 3201.562 2828.427 2500 2236.068 2061.553 2000 2061.553 2236.068 2500 2828.427 3201.562 3605.551 4031.129 3640.055 3162.278 2692.583 2236.068 1802.776 1414.214 1118.034 1000 1118.034 1414.214 1802.776 2236.068 2692.583 3162.278 3640.055 4123.105 4609.772 5099.02 5590.17 5099.02 4609.772 4123.105 3640.055 3162.278 2692.583 2236.068 1802.776 1414.214 1118.034 1000
7071.068 7017.834 7000 7017.834 7017.834 7000 7017.834 7071.068 6726.812 6363.961 6020.797 5700.877 5408.327 5147.815 4924.429 4743.417 4609.772 4527.692 4500 4242.641 3905.125 3605.551 3354.102 3162.278 3041.381 3000 2915.476 2500 2121.32 1802.776 1581.139 1500 1581.139 1802.776 2121.32 2500 2915.476 3354.102 3807.886 3535.534 3041.381 2549.51 2061.553 1581.139 1118.034 707.1068 500 707.1068 1118.034 1581.139 2061.553 2549.51 3041.381 3535.534 4031.129 4527.692 5024.938 5522.681 5024.938 4527.692 4031.129 3535.534 3041.381 2549.51 2061.553 1581.139 1118.034 707.1068 500
6576.473 6519.203 6500 6519.203 6519.203 6500 6519.203 6576.473 6403.124 6020.797 5656.854 5315.073 5000 4716.991 4472.136 4272.002 4123.105 4031.129 4000 3905.125 3535.534 3201.562 2915.476 2692.583 2549.51 2500 2549.51 2236.068 1802.776 1414.214 1118.034 1000 1118.034 1414.214 1802.776 2236.068 2692.583 3162.278 3640.055 3500 3000 2500 2000 1500 1000 500 0 500 1000 1500 2000 2500 3000 3500 4000 4500 5000 5500 5000 4500 4000 3500 3000 2500 2000 1500 1000 500 0
6082.763 6020.797 6000 6020.797 6020.797 6000 6020.797 6082.763 6103.278 5700.877 5315.073 4949.748 4609.772 4301.163 4031.129 3807.886 3640.055 3535.534 3500 3535.534 3201.562 2828.427 2500 2236.068 2061.553 2000 2061.553 2061.553 1581.139 1118.034 707.1068 500 707.1068 1118.034 1581.139 2061.553 2549.51 3041.381 3535.534 3535.534 3041.381 2549.51 2061.553 1581.139 1118.034 707.1068 500 707.1068 1118.034 1581.139 2061.553 2549.51 3041.381 3535.534 4031.129 4527.692 5024.938 5522.681 5024.938 4527.692 4031.129 3535.534 3041.381 2549.51 2061.553 1581.139 1118.034 707.1068 500
5590.17 5522.681 5500 5522.681 5522.681 5500 5522.681 5590.17 5700.877 5408.327 5000 4609.772 4242.641 3905.125 3605.551 3354.102 3162.278 3041.381 3000 3041.381 2915.476 2500 2121.32 1802.776 1581.139 1500 1581.139 1802.776 1500 1000 500 0 500 1000 1500 2000 2500 3000 3500 3640.055 3162.278 2692.583 2236.068 1802.776 1414.214 1118.034 1000 1118.034 1414.214 1802.776 2236.068 2692.583 3162.278 3640.055 4123.105 4609.772 5099.02 5590.17 5099.02 4609.772 4123.105 3640.055 3162.278 2692.583 2236.068 1802.776 1414.214 1118.034 1000
5099.02 5024.938 5000 5024.938 5024.938 5000 5024.938 5099.02 5220.153 5147.815 4716.991 4301.163 3905.125 3535.534 3201.562 2915.476 2692.583 2549.51 2500 2549.51 2692.583 2236.068 1802.776 1414.214 1118.034 1000 1118.034 1414.214 1581.139 1118.034 707.1068 500 707.1068 1118.034 1581.139 2061.553 2549.51 3041.381 3535.534 3807.886 3354.102 2915.476 2500 2121.32 1802.776 1581.139 1500 1581.139 1802.776 2121.32 2500 2915.476 3354.102 3807.886 4272.002 4743.417 5220.153 5700.877 5220.153 4743.417 4272.002 3807.886 3354.102 2915.476 2500 2121.32 1802.776 1581.139 1500
4609.772 4527.692 4500 4527.692 4527.692 4500 4527.692 4609.772 4743.417 4924.429 4472.136 4031.129 3605.551 3201.562 2828.427 2500 2236.068 2061.553 2000 2061.553 2236.068 2061.553 1581.139 1118.034 707.1068 500 707.1068 1118.034 1581.139 1414.214 1118.034 1000 1118.034 1414.214 1802.776 2236.068 2692.583 3162.278 3640.055 4031.129 3605.551 3201.562 2828.427 2500 2236.068 2061.553 2000 2061.553 2236.068 2500 2828.427 3201.562 3605.551 4031.129 4472.136 4924.429 5385.165 5852.35 5385.165 4924.429 4472.136 4031.129 3605.551 3201.562 2828.427 2500 2236.068 2061.553 2000
4123.105 4031.129 4000 4031.129 4031.129 4000 4031.129 4123.105 4272.002 4472.136 4272.002 3807.886 3354.102 2915.476 2500 2121.32 1802.776 1581.139 1500 1581.139 1802.776 2000 1500 1000 500 0 500 1000 1500 1802.776 1581.139 1500 1581.139 1802.776 2121.32 2500 2915.476 3354.102 3807.886 4272.002 3905.125 3535.534 3201.562 2915.476 2692.583 2549.51 2500 2549.51 2692.583 2915.476 3201.562 3535.534 3905.125 4301.163 4716.991 5147.815 5590.17 6041.523 5590.17 5147.815 4716.991 4301.163 3905.125 3535.534 3201.562 2915.476 2692.583 2549.51 2500
3640.055 3535.534 3500 3535.534 3535.534 3500 3535.534 3640.055 3807.886 4031.129 4123.105 3640.055 3162.278 2692.583 2236.068 1802.776 1414.214 1118.034 1000 1118.034 1414.214 1802.776 1581.139 1118.034 707.1068 500 707.1068 1118.034 1581.139 2061.553 2061.553 2000 2061.553 2236.068 2500 2828.427 3201.562 3605.551 4031.129 4472.136 4242.641 3905.125 3605.551 3354.102 3162.278 3041.381 3000 3041.381 3162.278 3354.102 3605.551 3905.125 4242.641 4609.772 5000 5408.327 5830.952 6264.982 5830.952 5408.327 5000 4609.772 4242.641 3905.125 3605.551 3354.102 3162.278 3041.381 3000
3162.278 3041.381 3000 3041.381 3041.381 3000 3041.381 3162.278 3354.102 3605.551 3905.125 3535.534 3041.381 2549.51 2061.553 1581.139 1118.034 707.1068 500 707.1068 1118.034 1581.139 1802.776 1414.214 1118.034 1000 1118.034 1414.214 1802.776 2236.068 2549.51 2500 2549.51 2692.583 2915.476 3201.562 3535.534 3905.125 4301.163 4716.991 4609.772 4301.163 4031.129 3807.886 3640.055 3535.534 3500 3535.534 3640.055 3807.886 4031.129 4301.163 4609.772 4949.748 5315.073 5700.877 6103.278 6519.203 6103.278 5700.877 5315.073 4949.748 4609.772 4301.163 4031.129 3807.886 3640.055 3535.534 3500
2692.583 2549.51 2500 2549.51 2549.51 2500 2549.51 2692.583 2915.476 3201.562 3535.534 3500 3000 2500 2000 1500 1000 500 0 500 1000 1500 2000 1802.776 1581.139 1500 1581.139 1802.776 2121.32 2500 2915.476 3000 3041.381 3162.278 3354.102 3605.551 3905.125 4242.641 4609.772 5000 5000 4716.991 4472.136 4272.002 4123.105 4031.129 4000 4031.129 4123.105 4272.002 4472.136 4716.991 5000 5315.073 5656.854 6020.797 6403.124 6800.735 6403.124 6020.797 5656.854 5315.073 5000 4716.991 4472.136 4272.002 4123.105 4031.129 4000
2236.068 2061.553 2000 2061.553 2061.553 2000 2061.553 2236.068 2500 2828.427 3201.562 3535.534 3041.381 2549.51 2061.553 1581.139 1118.034 707.1068 500 707.1068 1118.034 1581.139 2061.553 2236.068 2061.553 2000 2061.553 2236.068 2500 2828.427 3201.562 3500 3535.534 3640.055 3807.886 4031.129 4301.163 4609.772 4949.748 5315.073 5408.327 5147.815 4924.429 4743.417 4609.772 4527.692 4500 4527.692 4609.772 4743.417 4924.429 5147.815 5408.327 5700.877 6020.797 6363.961 6726.812 7106.335 6726.812 6363.961 6020.797 5700.877 5408.327 5147.815 4924.429 4743.417 4609.772 4527.692 4500
1802.776 1581.139 1500 1581.139 1581.139 1500 1581.139 1802.776 2121.32 2500 2915.476 3354.102 3162.278 2692.583 2236.068 1802.776 1414.214 1118.034 1000 1118.034 1414.214 1802.776 2236.068 2692.583 2549.51 2500 2549.51 2692.583 2915.476 3201.562 3535.534 3905.125 4031.129 4123.105 4272.002 4472.136 4716.991 5000 5315.073 5656.854 5830.952 5590.17 5385.165 5220.153 5099.02 5024.938 5000 5024.938 5099.02 5220.153 5385.165 5590.17 5830.952 6103.278 6403.124 6726.812 7071.068 7433.034 7071.068 6726.812 6403.124 6103.278 5830.952 5590.17 5385.165 5220.153 5099.02 5024.938 5000
1414.214 1118.034 1000 1118.034 1118.034 1000 1118.034 1414.214 1802.776 2236.068 2692.583 3162.278 3354.102 2915.476 2500 2121.32 1802.776 1581.139 1500 1581.139 1802.776 2121.32 2500 2915.476 3041.381 3000 3041.381 3162.278 3354.102 3605.551 3905.125 4242.641 4527.692 4609.772 4743.417 4924.429 5147.815 5408.327 5700.877 6020.797 6264.982 6041.523 5852.35 5700.877 5590.17 5522.681 5500 5522.681 5590.17 5700.877 5852.35 6041.523 6264.982 6519.203 6800.735 7106.335 7433.034 7778.175 7433.034 7106.335 6800.735 6519.203 6264.982 6041.523 5852.35 5700.877 5590.17 5522.681 5500
1118.034 707.1068 500 707.1068 707.1068 500 707.1068 1118.034 1581.139 2061.553 2549.51 3041.381 3535.534 3201.562 2828.427 2500 2236.068 2061.553 2000 2061.553 2236.068 2500 2828.427 3201.562 3535.534 3500 3535.534 3640.055 3807.886 4031.129 4301.163 4609.772 4949.748 5099.02 5220.153 5385.165 5590.17 5830.952 6103.278 6403.124 6708.204 6500 6324.555 6184.658 6082.763 6020.797 6000 6020.797 6082.763 6184.658 6324.555 6500 6708.204 6946.222 7211.103 7500 7810.25 8139.41 7810.25 7500 7211.103 6946.222 6708.204 6500 6324.555 6184.658 6082.763 6020.797 6000
707.1068 500 0 500 500 0 500 1000 1500 2000 2500 3000 3500 3535.534 3201.562 2915.476 2692.583 2549.51 2500 2549.51 2692.583 2915.476 3201.562 3535.534 3905.125 4000 4031.129 4123.105 4272.002 4472.136 4716.991 5000 5315.073 5590.17 5700.877 5852.35 6041.523 6264.982 6519.203 6800.735 7106.335 6964.194 6800.735 6670.832 6576.473 6519.203 6500 6519.203 6576.473 6670.832 6800.735 6964.194 7158.911 7382.412 7632.169 7905.694 8200.609 8514.693 8200.609 7905.694 7632.169 7382.412 7158.911 6964.194 6800.735 6670.832 6576.473 6519.203 6500
500 707.1068 500 707.1068 707.1068 500 707.1068 1118.034 1581.139 2061.553 2549.51 3041.381 3535.534 3905.125 3605.551 3354.102 3162.278 3041.381 3000 3041.381 3162.278 3354.102 3605.551 3905.125 4242.641 4500 4527.692 4609.772 4743.417 4924.429 5147.815 5408.327 -9999 -9999 6184.658 6324.555 6500 6708.204 6946.222 7211.103 7500 7433.034 7280.11 7158.911 7071.068 7017.834 7000 7017.834 7071.068 7158.911 7280.11 7433.034 7615.773 7826.238 8062.258 8321.658 8602.325 8902.247 8602.325 8321.658 8062.258 7826.238 7615.773 7433.034 7280.11 7158.911 7071.068 7017.834 7000
