lus_demo/data/Current_situation/Thematic_maps/Accessibility/dist_highway_entries_2012.asc
ncols         540
nrows         650
xllcorner     10000
yllcorner     300000
cellsize      500
NODATA_value  -9999
[rows 93 to 123 of 650, columns 414 to 482 of 540]
2236.068 2061.553 2000 2061.553 2000 1500 1000 500 0 500 1000 1500 2000 2500 3000 3500 3201.562 2828.427 2500 2236.068 2061.553 2000 2061.553 2121.32 1802.776 1581.139 1500 1581.139 1802.776 1802.776 1581.139 1414.214 1118.034 1000 1118.034 1414.214 1802.776 2000 2061.553 2061.553 2000 2061.553 2236.068 2500 2692.583 2915.476 3201.562 3535.534 3535.534 3041.381 2549.51 2061.553 1581.139 1118.034 707.1068 500 707.1068 1118.034 1581.139 1500 1581.139 1802.776 2121.32 2121.32 1802.776 1581.139 1500 1581.139 1802.776
1802.776 1581.139 1500 1581.139 1802.776 1581.139 1118.034 707.1068 500 707.1068 1118.034 1581.139 2061.553 2549.51 3041.381 3535.534 -9999 3201.562 2915.476 2692.583 2549.51 2500 2549.51 2500 2236.068 2061.553 2000 2061.553 2236.068 2236.068 2061.553 1802.776 1581.139 1500 1581.139 1802.776 1581.139 1500 1581.139 1802.776 2121.32 2500 2692.583 2915.476 3162.278 3354.102 3605.551 3905.125 3500 3000 2500 2000 1500 1000 500 0 500 1000 1118.034 1000 1118.034 1414.214 1802.776 1802.776 1414.214 1118.034 1000 1118.034 1414.214
1414.214 1118.034 1000 1118.034 1414.214 1802.776 1414.214 1118.034 1000 1118.034 1414.214 1802.776 2236.068 2692.583 3162.278 3640.055 3905.125 3605.551 3354.102 3162.278 3041.381 3000 3041.381 2915.476 2692.583 2549.51 2500 2549.51 2692.583 2692.583 2500 2236.068 2061.553 2000 1802.776 1414.214 1118.034 1000 1118.034 1414.214 1802.776 2236.068 2692.583 3162.278 3605.551 3807.886 4031.129 4031.129 3535.534 3041.381 2549.51 2061.553 1581.139 1118.034 707.1068 500 707.1068 1118.034 707.1068 500 707.1068 1118.034 1581.139 1581.139 1118.034 707.1068 500 707.1068 1118.034
1118.034 707.1068 500 707.1068 1118.034 1581.139 1802.776 1581.139 1500 1581.139 1802.776 2121.32 2500 2915.476 3354.102 3807.886 4272.002 4031.129 3807.886 3640.055 3535.534 3500 3535.534 3354.102 3162.278 3041.381 3000 3041.381 3162.278 3162.278 2915.476 2692.583 2549.51 2061.553 1581.139 1118.034 707.1068 500 707.1068 1118.034 1581.139 2061.553 2549.51 3041.381 3535.534 4031.129 4472.136 4123.105 3640.055 3162.278 2692.583 2236.068 1802.776 1414.214 1118.034 1000 1118.034 1000 500 0 500 1000 1500 1500 1000 500 0 500 1000
1000 500 0 500 1000 1500 2000 2061.553 2000 2061.553 2236.068 2500 2828.427 3201.562 3605.551 4031.129 4472.136 4472.136 4272.002 4123.105 4031.129 4000 4031.129 3807.886 3640.055 3535.534 3500 3535.534 3640.055 3605.551 3354.102 3000 2500 -9999 -9999 1000 500 0 500 1000 1500 2000 2500 3000 3500 4000 4500 4272.002 3807.886 3354.102 2915.476 2500 2121.32 1802.776 1581.139 1500 1581.139 1118.034 707.1068 500 707.1068 1118.034 1581.139 1581.139 1118.034 707.1068 500 707.1068 1118.034
1118.034 707.1068 500 707.1068 1118.034 1581.139 2061.553 2549.51 2500 2549.51 2692.583 2915.476 3201.562 3535.534 3905.125 4301.163 4716.991 4924.429 4743.417 4609.772 4527.692 4500 4472.136 4272.002 4123.105 4031.129 4000 4031.129 4123.105 4031.129 3535.534 3041.381 2549.51 2061.553 1581.139 1118.034 707.1068 500 707.1068 1118.034 1581.139 2061.553 2549.51 3041.381 3535.534 4031.129 4527.692 4472.136 4031.129 3605.551 3201.562 2828.427 2500 2236.068 2061.553 2000 1802.776 1414.214 1118.034 1000 1118.034 1414.214 1802.776 1802.776 1414.214 1118.034 1000 1118.034 1414.214
1414.214 1118.034 1000 1118.034 1414.214 1802.776 2236.068 2692.583 3000 3041.381 3162.278 3354.102 3605.551 3905.125 4242.641 4609.772 5000 5385.165 5220.153 5099.02 5024.938 5000 4924.429 4743.417 4609.772 4527.692 4500 4527.692 4609.772 4123.105 3640.055 3162.278 2692.583 2236.068 1802.776 1414.214 1118.034 1000 1118.034 1414.214 1802.776 2236.068 2692.583 3162.278 3640.055 4123.105 4609.772 4716.991 4301.163 3905.125 3535.534 3201.562 2915.476 2692.583 2549.51 2500 2121.32 1802.776 1581.139 1500 1581.139 1802.776 2121.32 2121.32 1802.776 1581.139 1500 1581.139 1802.776
1802.776 1581.139 1500 1581.139 1802.776 2121.32 2500 2915.476 3354.102 3535.534 3640.055 3807.886 4031.129 4301.163 4609.772 4949.748 5315.073 5700.877 5700.877 5590.17 5522.681 5500 5385.165 5220.153 5099.02 5024.938 5000 5024.938 4743.417 4272.002 3807.886 3354.102 2915.476 2500 2121.32 1802.776 1581.139 1500 1581.139 1802.776 2121.32 2500 2915.476 3354.102 3807.886 4242.641 4609.772 5000 4609.772 4242.641 3905.125 3605.551 3354.102 3162.278 3041.381 2828.427 2500 2236.068 2061.553 2000 2061.553 2236.068 2500 2500 2236.068 2061.553 2000 2061.553 2236.068
2236.068 2061.553 2000 2061.553 2236.068 2500 2828.427 3201.562 3605.551 4031.129 4123.105 4272.002 4472.136 4716.991 5000 5315.073 5656.854 6020.797 6184.658 6082.763 6020.797 6000 5852.35 5700.877 5590.17 5522.681 5500 5385.165 4924.429 4472.136 4031.129 3605.551 3201.562 2828.427 2500 2236.068 2061.553 2000 2061.553 2236.068 2500 2692.583 2915.476 3201.562 3535.534 3905.125 4301.163 4716.991 4949.748 4609.772 4301.163 4031.129 3807.886 3640.055 3535.534 3201.562 2915.476 2692.583 2549.51 2500 2549.51 2692.583 2915.476 2915.476 2692.583 2549.51 2500 2549.51 2692.583
2692.583 2549.51 2500 2549.51 2692.583 2915.476 3201.562 3535.534 3905.125 4301.163 4609.772 4743.417 4924.429 5147.815 5408.327 5700.877 6020.797 6363.961 6670.832 6576.473 6519.203 6500 6324.555 6184.658 6082.763 6020.797 6000 5590.17 5147.815 4716.991 4301.163 3905.125 3535.534 3201.562 2915.476 2692.583 2500 2236.068 2061.553 2000 2061.553 2236.068 2500 2828.427 3201.562 3605.551 4031.129 4472.136 4924.429 5000 4716.991 4472.136 4272.002 4123.105 3905.125 3605.551 3354.102 3162.278 3041.381 3000 3041.381 3162.278 3354.102 3354.102 3162.278 3041.381 3000 3041.381 3162.278
3162.278 3041.381 3000 3041.381 3162.278 3354.102 3605.551 3905.125 4242.641 4609.772 5000 5220.153 5385.165 5590.17 5830.952 6103.278 6403.124 6726.812 7071.068 7071.068 7017.834 6964.194 6800.735 6670.832 6576.473 6519.203 6264.982 5830.952 5408.327 5000 4609.772 4242.641 3807.886 3354.102 2915.476 2500 2121.32 1802.776 1581.139 1500 1581.139 1802.776 2121.32 2500 2915.476 3354.102 3807.886 4272.002 4743.417 5220.153 5147.815 -9999 4743.417 4609.772 4301.163 4031.129 3807.886 3640.055 3535.534 3500 3535.534 3640.055 3807.886 3807.886 3640.055 3535.534 3500 3535.534 3640.055
3354.102 3535.534 3500 3535.534 3640.055 3807.886 4031.129 4301.163 4609.772 4949.748 5315.073 5700.877 5852.35 6041.523 6264.982 6519.203 6800.735 7106.335 7433.034 7566.373 7516.648 7433.034 7280.11 7158.911 7071.068 6946.222 6519.203 6082.763 5590.17 5099.02 4609.772 4123.105 3640.055 3162.278 2692.583 2236.068 1802.776 1414.214 1118.034 1000 1118.034 1414.214 1802.776 2236.068 2692.583 3162.278 3640.055 4123.105 4609.772 5099.02 5590.17 -9999 5220.153 5000 4716.991 4472.136 4272.002 4123.105 4031.129 4000 4031.129 4123.105 4272.002 4272.002 4123.105 4031.129 4000 4031.129 4123.105
3605.551 4031.129 4000 4031.129 4123.105 4272.002 4472.136 4716.991 5000 5315.073 5656.854 6020.797 6324.555 6500 6708.204 6946.222 7211.103 7500 7810.25 8062.258 8015.61 7905.694 7762.087 7648.529 7516.648 7017.834 6519.203 6020.797 5522.681 5024.938 4527.692 4031.129 3535.534 3041.381 2549.51 2061.553 1581.139 1118.034 707.1068 500 707.1068 1118.034 1581.139 2061.553 2549.51 3041.381 3535.534 4031.129 4527.692 5024.938 5522.681 -9999 -9999 5408.327 5147.815 4924.429 4743.417 4609.772 4527.692 4500 4527.692 4609.772 4743.417 4743.417 4609.772 4527.692 4500 4527.692 4609.772
3905.125 4301.163 4500 4527.692 4609.772 4743.417 4924.429 5147.815 5408.327 5700.877 6020.797 6363.961 6726.812 6964.194 7158.911 7382.412 7632.169 7905.694 8200.609 8514.693 8514.693 8381.527 8246.211 8000 7500 7000 6500 6000 5500 5000 4500 4000 3500 3000 2500 2000 1500 1000 500 0 500 1000 1500 2000 2500 3000 3500 4000 4500 -9999 -9999 -9999 6103.278 5830.952 5590.17 5385.165 5220.153 5099.02 5024.938 5000 5024.938 5099.02 5220.153 5220.153 5099.02 5024.938 5000 5024.938 5099.02
4242.641 4609.772 5000 5024.938 5099.02 5220.153 5385.165 5590.17 5830.952 6103.278 6403.124 6726.812 7071.068 7433.034 7615.773 7826.238 8062.258 8321.658 8602.325 8902.247 9013.878 8860.022 8514.693 8015.61 7516.648 7017.834 6519.203 6020.797 5522.681 5024.938 4527.692 4031.129 3535.534 3041.381 2549.51 2061.553 1581.139 1118.034 707.1068 500 707.1068 1118.034 1581.139 2061.553 2549.51 3041.381 3535.534 4031.129 4527.692 5024.938 -9999 -9999 6519.203 6264.982 6041.523 5852.35 5700.877 5590.17 5522.681 5500 5522.681 5590.17 5700.877 5700.877 5590.17 5522.681 5500 5522.681 5220.153
4609.772 4949.748 5315.073 5522.681 5590.17 5700.877 5852.35 6041.523 6264.982 6519.203 6800.735 7106.335 7433.034 7778.175 8077.747 8276.473 8500 8746.428 9013.878 9300.538 9486.833 9055.385 8558.621 8062.258 7566.373 7071.068 6576.473 6082.763 5590.17 5099.02 4609.772 4123.105 3640.055 3162.278 2692.583 2236.068 1802.776 1414.214 1118.034 1000 1118.034 1414.214 1802.776 2236.068 2692.583 3162.278 3640.055 4123.105 4609.772 5099.02 -9999 6082.763 6576.473 6708.204 6500 6324.555 6184.658 6082.763 6020.797 6000 6020.797 6082.763 6184.658 6184.658 6082.763 6020.797 6000 5700.877 5220.153
5000 5315.073 5656.854 6020.797 6082.763 6184.658 6324.555 6500 6708.204 6946.222 7211.103 7500 7810.25 8139.41 8485.281 8732.125 8944.271 9178.78 9433.981 9708.244 9617.692 9124.144 8631.338 8139.41 7648.529 7158.911 6670.832 6184.658 5700.877 5220.153 4743.417 4272.002 3807.886 3354.102 2915.476 2500 2121.32 1802.776 1581.139 1500 1581.139 1802.776 2121.32 2500 2915.476 3354.102 3807.886 4272.002 4743.417 5220.153 5700.877 6184.658 6670.832 7158.911 6964.194 6800.735 6670.832 6576.473 6519.203 6500 6519.203 6576.473 6670.832 6670.832 6576.473 6519.203 6082.763 5590.17 5099.02
5408.327 5700.877 6020.797 6363.961 6576.473 6670.832 6800.735 6964.194 7158.911 7382.412 7632.169 7905.694 8200.609 8514.693 8845.903 9192.388 9394.147 9617.692 9861.541 10124.23 9708.244 9219.545 8732.125 8246.211 7762.087 7280.11 6800.735 6324.555 5852.35 5385.165 4924.429 4472.136 4031.129 3605.551 3201.562 2828.427 2500 2236.068 2061.553 2000 2061.553 2236.068 2500 2828.427 3201.562 3605.551 4031.129 4472.136 4924.429 5385.165 5852.35 6324.555 6800.735 7280.11 7433.034 7280.11 7158.911 7071.068 7017.834 7000 7017.834 7071.068 7158.911 7158.911 6708.204 6264.982 5830.952 5408.327 5000
5830.952 6103.278 6403.124 6726.812 7071.068 7158.911 7280.11 7433.034 7615.773 7826.238 8062.258 8321.658 8602.325 8902.247 9219.545 9552.486 9848.857 10062.31 10295.63 10307.76 9823.441 9340.771 8860.022 8381.527 7905.694 7433.034 6964.194 6500 6041.523 5590.17 5147.815 4716.991 4301.163 3905.125 3535.534 3201.562 2915.476 2692.583 2549.51 2500 2549.51 2692.583 2915.476 3201.562 3535.534 3905.125 4301.163 4716.991 5147.815 5590.17 6041.523 6500 6964.194 7433.034 7905.694 7762.087 7648.529 7566.373 7516.648 7500 7516.648 7382.412 7158.911 6964.194 6500 6041.523 5590.17 5147.815 4716.991
6264.982 6519.203 6800.735 7106.335 7433.034 7648.529 7762.087 7905.694 8077.747 8276.473 8500 8746.428 9013.878 9300.538 9604.687 9924.717 10259.14 10511.9 10688.78 10198.04 9708.244 9219.545 8732.125 8246.211 7762.087 7280.11 6800.735 6324.555 5852.35 5385.165 4924.429 4472.136 4031.129 3605.551 3201.562 2828.427 2500 2236.068 2061.553 2000 2061.553 2236.068 2500 2828.427 3201.562 3605.551 4031.129 4472.136 4924.429 5385.165 5852.35 6324.555 6800.735 7280.11 7762.087 8246.211 8139.41 8062.258 7810.25 7500 7211.103 6946.222 6708.204 6500 6324.555 5852.35 5385.165 4924.429 4472.136
6708.204 6946.222 7211.103 7500 7810.25 8139.41 8246.211 8381.527 8544.004 8732.125 8944.271 9178.78 9433.981 9708.244 10000 10307.76 10630.15 10965.86 10606.6 10111.87 9617.692 9124.144 8631.338 8139.41 7648.529 7158.911 6670.832 6184.658 5700.877 5220.153 4743.417 4272.002 3807.886 3354.102 2915.476 2500 2121.32 1802.776 1581.139 1500 1581.139 1802.776 2121.32 2500 2915.476 3354.102 3807.886 4272.002 4743.417 5220.153 5700.877 6184.658 6670.832 7158.911 7648.529 8139.41 8139.41 7778.175 7433.034 7106.335 6800.735 6519.203 6264.982 6041.523 5852.35 5700.877 5220.153 4743.417 4272.002
7158.911 7382.412 7632.169 7905.694 8200.609 8514.693 8732.125 8860.022 9013.878 9192.388 9394.147 9617.692 9861.541 10124.23 10404.33 10700.47 11011.36 11011.36 10547.51 10049.88 9552.486 9055.385 8558.621 8062.258 7566.373 7071.068 6576.473 6082.763 5590.17 5099.02 4609.772 4123.105 3640.055 3162.278 2692.583 2236.068 1802.776 1414.214 1118.034 1000 1118.034 1414.214 1802.776 2236.068 2692.583 3162.278 3640.055 4123.105 4609.772 5099.02 5590.17 6082.763 6576.473 7071.068 7566.373 8062.258 7810.25 7433.034 7071.068 6726.812 6403.124 6103.278 5830.952 5590.17 5385.165 5220.153 5000 4609.772 4123.105
7615.773 7826.238 8062.258 8321.658 8602.325 8902.247 9219.545 9340.771 9486.833 9656.604 9848.857 10062.31 10295.63 10547.51 10816.65 11101.8 11101.8 10700.47 10307.76 9924.717 9513.148 9013.878 8514.693 8015.61 7516.648 7017.834 6519.203 6020.797 5522.681 5024.938 4527.692 4031.129 3535.534 3041.381 2549.51 2061.553 1581.139 1118.034 707.1068 500 707.1068 1118.034 1581.139 2061.553 2549.51 3041.381 3535.534 4031.129 4527.692 5024.938 5522.681 6020.797 6519.203 7017.834 7516.648 7905.694 7500 7106.335 6726.812 6363.961 6020.797 5700.877 5408.327 5147.815 4924.429 4743.417 4609.772 4301.163 4031.129
8077.747 8276.473 8500 8746.428 9013.878 9300.538 9604.687 9823.441 9962.43 10124.23 10307.76 10511.9 10735.46 10977.25 11236.1 11236.1 10816.65 10404.33 10000 9604.687 9219.545 8845.903 8485.281 8000 7500 7000 6500 6000 5500 5000 4500 4000 3500 3000 2500 2000 1500 1000 500 0 500 1000 1500 2000 2500 3000 3500 4000 4500 5000 5500 6000 6500 7000 7500 7632.169 7211.103 6800.735 6403.124 6020.797 5656.854 5315.073 5000 4716.991 4472.136 4272.002 4123.105 3905.125 3605.551
8544.004 8732.125 8944.271 9178.78 9433.981 9708.244 10000 10307.76 10440.31 10594.81 10770.33 10965.86 11180.34 11412.71 11412.71 10977.25 10547.51 10124.23 9708.244 9300.538 8902.247 8514.693 8139.41 7778.175 7433.034 7017.834 6519.203 6020.797 5522.681 5024.938 4527.692 4031.129 3535.534 3041.381 2549.51 2061.553 1581.139 1118.034 707.1068 500 707.1068 1118.034 1581.139 2061.553 2549.51 3041.381 3535.534 4031.129 4527.692 5024.938 5522.681 6020.797 6519.203 7017.834 7280.11 7158.911 6946.222 6519.203 6103.278 5700.877 5315.073 4949.748 4609.772 4301.163 4031.129 3807.886 3640.055 3535.534 3201.562
9013.878 9192.388 9394.147 9617.692 9861.541 10124.23 10404.33 10700.47 10920.17 11067.97 11236.1 11423.66 11629.7 11629.7 11180.34 10735.46 10295.63 9861.541 9433.981 9013.878 8602.325 8200.609 7810.25 7433.034 7071.068 6726.812 6403.124 6082.763 5590.17 5099.02 4609.772 4123.105 3640.055 3162.278 2692.583 2236.068 1802.776 1414.214 1118.034 1000 1118.034 1414.214 1802.776 2236.068 2692.583 3162.278 3640.055 4123.105 4609.772 5099.02 5590.17 6082.763 6576.473 6964.194 6800.735 6670.832 6576.473 6264.982 5830.952 5408.327 5000 4609.772 4242.641 3905.125 3605.551 3354.102 3162.278 3041.381 2828.427
9486.833 9656.604 9848.857 10062.31 10295.63 10547.51 10816.65 11101.8 11401.75 11543.4 11704.7 11884.86 11672.62 11335.78 10965.86 10511.9 10062.31 9617.692 9178.78 8746.428 8321.658 7905.694 7500 7106.335 6726.812 6363.961 6020.797 5700.877 5408.327 5147.815 4743.417 4272.002 3807.886 3354.102 2915.476 2500 2121.32 1802.776 1581.139 1500 1581.139 1802.776 2121.32 2500 2915.476 3354.102 3807.886 4272.002 4743.417 5220.153 5700.877 6184.658 6670.832 6500 6324.555 6184.658 6082.763 6020.797 5590.17 5147.815 4716.991 4301.163 3905.125 3535.534 3201.562 2915.476 2692.583 2549.51 2500
9962.43 10124.23 10307.76 10511.9 10735.46 10977.25 11236.1 11510.86 11800.42 12020.82 12041.59 11672.62 11313.71 10965.86 10630.15 10307.76 9848.857 9394.147 8944.271 8500 8062.258 7632.169 7211.103 6800.735 6403.124 6020.797 5656.854 5315.073 5000 4716.991 4472.136 4272.002 4031.129 3605.551 3201.562 2828.427 2500 2236.068 2061.553 2000 2061.553 2236.068 2500 2828.427 3201.562 3605.551 4031.129 4472.136 4924.429 5385.165 5852.35 6324.555 6264.982 6041.523 5852.35 5700.877 5590.17 5522.681 5385.165 4924.429 4472.136 4031.129 3605.551 3201.562 2828.427 2500 2236.068 2061.553 2000
10440.31 10594.81 10770.33 10965.86 11180.34 11412.71 11661.9 11926.86 12206.56 12103.72 11715.38 11335.78 10965.86 10606.6 10259.14 9924.717 9604.687 9192.388 8732.125 8276.473 7826.238 7382.412 6946.222 6519.203 6103.278 5700.877 5315.073 4949.748 4609.772 4301.163 4031.129 3807.886 3640.055 3535.534 3500 3201.562 2915.476 2692.583 2549.51 2500 2549.51 2692.583 2915.476 3201.562 3535.534 3905.125 4301.163 4716.991 5147.815 5590.17 6041.523 6103.278 5830.952 5590.17 5385.165 5220.153 5099.02 5024.938 5000 4743.417 4272.002 3807.886 3354.102 2915.476 2500 2121.32 1802.776 1581.139 1500
10920.17 11067.97 11236.1 11423.66 11629.7 11853.27 12093.39 12349.09 12206.56 11800.42 11401.75 11011.36 10630.15 10259.14 9899.495 9552.486 9219.545 8902.247 8544.004 8077.747 7615.773 7158.911 6708.204 6264.982 5830.952 5408.327 5000 4609.772 4242.641 3905.125 3605.551 3354.102 3162.278 3041.381 3000 3041.381 3162.278 3162.278 3041.381 3000 3041.381 3162.278 3354.102 3605.551 3905.125 4242.641 4609.772 5000 5408.327 5830.952 6020.797 5700.877 5408.327 5147.815 4924.429 4743.417 4609.772 4527.692 4500 4527.692 4123.105 3640.055 3162.278 2692.583 2236.068 1802.776 1414.214 1118.034 1000
11401.75 11543.4 11704.7 11884.86 12083.05 12298.37 12529.96 12349.09 11926.86 11510.86 11101.8 10700.47 10307.76 9924.717 9552.486 9192.388 8845.903 8514.693 8200.609 7905.694 7433.034 6964.194 6500 6041.523 5590.17 5147.815 4716.991 4301.163 3905.125 3535.534 3201.562 2915.476 2692.583 2549.51 2500 2549.51 2692.583 2915.476 3201.562 3500 3535.534 3640.055 3807.886 4031.129 4301.163 4609.772 4949.748 5315.073 5700.877 6020.797 5656.854 5315.073 5000 4716.991 4472.136 4272.002 4123.105 4031.129 4000 4031.129 4031.129 3535.534 3041.381 2549.51 2061.553 1581.139 1118.034 707.1068 500
