lus_demo/data/Current_situation/Thematic_maps/Accessibility/dist_highway_entries_2012.asc
ncols         540
nrows         650
xllcorner     10000
yllcorner     300000
cellsize      500
NODATA_value  -9999
[rows 93 to 123 of 650, columns 276 to 344 of 540]
-9999 -9999 -9999 -9999 -9999 -9999 -9999 -9999 -9999 -9999 -9999 -9999 -9999 -9999 -9999 -9999 -9999 -9999 -9999 2061.553 1581.139 1118.034 707.1068 500 707.1068 1118.034 1581.139 2061.553 2549.51 2692.583 2236.068 1802.776 1414.214 1118.034 1000 1118.034 1414.214 1802.776 2236.068 2692.583 3162.278 3640.055 3640.055 3162.278 2692.583 2236.068 1802.776 1414.214 1118.034 1000 1118.034 1414.214 1802.776 2236.068 2500 2000 1500 1000 500 0 500 1000 1500 2000 2500 3000 3500 3905.125 3535.534
-9999 -9999 -9999 -9999 -9999 -9999 -9999 -9999 -9999 -9999 -9999 -9999 -9999 -9999 -9999 -9999 -9999 -9999 -9999 -9999 1500 1000 500 0 500 1000 1500 2000 2500 2915.476 2500 2121.32 1802.776 1581.139 1500 1581.139 1802.776 2121.32 2500 2915.476 3354.102 3807.886 3807.886 3354.102 2915.476 2500 2121.32 1802.776 1581.139 1500 1581.139 1802.776 2121.32 2500 2549.51 2061.553 1581.139 1118.034 707.1068 500 707.1068 1118.034 1581.139 2061.553 2549.51 3041.381 3535.534 3605.551 3201.562
-9999 -9999 -9999 -9999 -9999 -9999 -9999 -9999 -9999 -9999 -9999 -9999 -9999 -9999 -9999 -9999 -9999 -9999 1414.214 1118.034 1000 1118.034 707.1068 500 707.1068 1118.034 1581.139 2061.553 2549.51 3041.381 2828.427 2500 2236.068 2061.553 2000 2061.553 2236.068 2500 2828.427 3201.562 3605.551 4031.129 4031.129 3605.551 3201.562 2828.427 2500 2236.068 2061.553 2000 2061.553 2236.068 2500 2828.427 2692.583 2236.068 1802.776 1414.214 1118.034 1000 1118.034 1414.214 1802.776 2236.068 2692.583 3162.278 3640.055 3354.102 2915.476
-9999 -9999 -9999 -9999 -9999 -9999 -9999 -9999 -9999 -9999 -9999 -9999 -9999 -9999 -9999 -9999 -9999 -9999 1118.034 707.1068 500 707.1068 1118.034 1000 1118.034 1414.214 1802.776 2236.068 2692.583 3162.278 3201.562 2915.476 2692.583 2549.51 2500 2549.51 2692.583 2915.476 3201.562 3535.534 3905.125 4301.163 4301.163 3905.125 3535.534 3201.562 2915.476 2692.583 2549.51 2500 2549.51 2692.583 2915.476 3201.562 2915.476 2500 2121.32 1802.776 1581.139 1500 1581.139 1802.776 2121.32 2500 2915.476 3354.102 3640.055 3162.278 2692.583
-9999 -9999 -9999 -9999 -9999 -9999 -9999 -9999 -9999 -9999 -9999 -9999 -9999 -9999 -9999 -9999 -9999 1118.034 707.1068 500 0 500 1000 1500 1581.139 1802.776 2121.32 2500 2915.476 3354.102 3605.551 3354.102 3162.278 3041.381 3000 3041.381 3162.278 3354.102 3605.551 3905.125 4242.641 4609.772 4609.772 4242.641 3905.125 3605.551 3354.102 3162.278 3041.381 3000 3041.381 3162.278 3354.102 3605.551 3201.562 2828.427 2500 2236.068 2061.553 2000 2061.553 2236.068 2500 2828.427 3201.562 3605.551 3535.534 3041.381 2549.51
-9999 -9999 -9999 -9999 -9999 -9999 -9999 -9999 -9999 -9999 -9999 -9999 -9999 -9999 -9999 -9999 -9999 -9999 500 0 500 707.1068 1118.034 1581.139 2061.553 2236.068 2500 2828.427 3201.562 3605.551 4031.129 3807.886 3640.055 3535.534 3500 3535.534 3640.055 3807.886 4031.129 4301.163 4609.772 4949.748 4949.748 4609.772 4301.163 4031.129 3807.886 3640.055 3535.534 3500 3535.534 3640.055 3807.886 3905.125 3535.534 3201.562 2915.476 2692.583 2549.51 2500 2549.51 2692.583 2915.476 3201.562 3535.534 3905.125 3500 3000 2500
-9999 -9999 -9999 -9999 -9999 -9999 -9999 -9999 -9999 -9999 -9999 -9999 -9999 -9999 -9999 -9999 -9999 -9999 707.1068 500 707.1068 1118.034 1414.214 1802.776 2236.068 2692.583 2915.476 3201.562 3535.534 3905.125 4301.163 4272.002 4123.105 4031.129 4000 4031.129 4123.105 4272.002 4472.136 4716.991 5000 5315.073 5315.073 5000 4716.991 4472.136 4272.002 4123.105 4031.129 4000 4031.129 4123.105 4272.002 4242.641 3905.125 3605.551 3354.102 3162.278 3041.381 3000 3041.381 3162.278 3354.102 3605.551 3905.125 4031.129 3535.534 3041.381 2549.51
-9999 -9999 -9999 -9999 -9999 -9999 -9999 -9999 -9999 -9999 -9999 -9999 -9999 -9999 -9999 -9999 -9999 -9999 1118.034 1000 1118.034 1414.214 1802.776 2121.32 2500 2915.476 3354.102 3605.551 3905.125 4242.641 4609.772 4743.417 4609.772 4527.692 4500 4527.692 4609.772 4743.417 4924.429 5147.815 5408.327 5700.877 5700.877 5408.327 5147.815 4924.429 4743.417 4609.772 4527.692 4500 4527.692 4609.772 4743.417 4609.772 4301.163 4031.129 3807.886 3640.055 3535.534 3500 3535.534 3640.055 3807.886 4031.129 4301.163 4123.105 3640.055 3162.278 2692.583
-9999 -9999 -9999 -9999 -9999 -9999 -9999 -9999 -9999 -9999 -9999 -9999 -9999 -9999 -9999 -9999 -9999 1000 1118.034 1414.214 1581.139 1802.776 2121.32 2500 2828.427 3201.562 3605.551 4031.129 4301.163 4609.772 4949.748 5220.153 5099.02 5024.938 5000 5024.938 5099.02 5220.153 5385.165 5590.17 5830.952 6103.278 6103.278 5830.952 5590.17 5385.165 5220.153 5099.02 5024.938 5000 5024.938 5099.02 5220.153 5000 4716.991 4472.136 4272.002 4123.105 4031.129 4000 4031.129 4123.105 4272.002 4472.136 4716.991 4272.002 3807.886 3354.102 2915.476
-9999 -9999 -9999 -9999 -9999 -9999 -9999 -9999 -9999 -9999 -9999 -9999 -9999 -9999 -9999 -9999 -9999 500 707.1068 1118.034 1581.139 2061.553 2500 2828.427 3201.562 3535.534 3905.125 4301.163 4716.991 5000 5315.073 5656.854 5590.17 5522.681 5500 5522.681 5590.17 5700.877 5852.35 6041.523 6264.982 6519.203 6519.203 6264.982 6041.523 5852.35 5700.877 5590.17 5522.681 5500 5522.681 5590.17 5700.877 5408.327 5147.815 4924.429 4743.417 4609.772 4527.692 4500 4527.692 4609.772 4743.417 4924.429 4924.429 4472.136 4031.129 3605.551 3201.562
-9999 -9999 -9999 -9999 -9999 -9999 -9999 -9999 -9999 -9999 -9999 -9999 -9999 -9999 -9999 -9999 -9999 0 500 1000 1500 2000 2500 3000 3500 3905.125 4242.641 4609.772 5000 5408.327 5700.877 6020.797 6082.763 6020.797 6000 6020.797 6082.763 6184.658 6324.555 6500 6708.204 6946.222 6946.222 6708.204 6500 6324.555 6184.658 6082.763 6020.797 6000 6020.797 6082.763 6103.278 5830.952 5590.17 5385.165 5220.153 5099.02 5024.938 5000 5024.938 5099.02 5220.153 5315.073 4949.748 4609.772 4301.163 3905.125 3535.534
-9999 -9999 -9999 -9999 -9999 -9999 -9999 -9999 -9999 -9999 -9999 -9999 -9999 -9999 -9999 -9999 -9999 500 707.1068 1118.034 1581.139 2061.553 2549.51 3041.381 3535.534 4031.129 4527.692 4949.748 5315.073 5700.877 6103.278 6403.124 6576.473 6519.203 6500 6519.203 6576.473 6670.832 6800.735 6964.194 7158.911 7382.412 7382.412 7158.911 6964.194 6800.735 6670.832 6576.473 6519.203 6500 6519.203 6576.473 6519.203 6264.982 6041.523 5852.35 5700.877 5590.17 5522.681 5500 5522.681 5590.17 5408.327 5000 4609.772 4242.641 3905.125 3605.551 3354.102
-9999 -9999 -9999 -9999 -9999 -9999 -9999 -9999 -9999 -9999 -9999 -9999 -9999 -9999 -9999 -9999 -9999 1000 1118.034 1414.214 1802.776 2236.068 2692.583 3162.278 3640.055 4123.105 4609.772 5099.02 5590.17 6020.797 6403.124 6800.735 7071.068 7017.834 7000 7017.834 7071.068 7158.911 7280.11 7433.034 7615.773 7826.238 7826.238 7615.773 7433.034 7280.11 7158.911 7071.068 7017.834 7000 7017.834 7071.068 6946.222 6708.204 6500 6324.555 6184.658 6082.763 6020.797 6000 6020.797 5590.17 5147.815 4716.991 4301.163 3905.125 3535.534 3201.562 2915.476
-9999 -9999 -9999 -9999 -9999 -9999 -9999 -9999 -9999 -9999 -9999 -9999 -9999 -9999 -9999 -9999 -9999 1500 1581.139 1802.776 2121.32 2500 2915.476 3354.102 3807.886 4272.002 4743.417 5220.153 5700.877 6184.658 6670.832 7071.068 7433.034 7516.648 7500 7516.648 7566.373 7648.529 7762.087 7905.694 8077.747 8276.473 8276.473 8077.747 7905.694 7762.087 7648.529 7566.373 7516.648 7500 7516.648 7566.373 7382.412 7158.911 6964.194 6800.735 6670.832 6576.473 6519.203 6324.555 5852.35 5385.165 4924.429 4472.136 4031.129 3605.551 3201.562 2828.427 2500
-9999 -9999 -9999 -9999 -9999 -9999 -9999 -9999 -9999 -9999 -9999 -9999 -9999 -9999 -9999 -9999 -9999 2000 2061.553 2236.068 2500 2828.427 3201.562 3605.551 4031.129 4472.136 4924.429 5385.165 5700.877 6020.797 6363.961 6726.812 7106.335 7500 7762.087 7905.694 8062.258 8139.41 8246.211 8381.527 8544.004 8732.125 8732.125 8544.004 8381.527 8246.211 8139.41 8062.258 8015.61 8000 8015.61 8062.258 7826.238 7615.773 7433.034 7280.11 7158.911 7071.068 6670.832 6184.658 5700.877 5220.153 4743.417 4272.002 3807.886 3354.102 2915.476 2500 2121.32
-9999 -9999 -9999 -9999 -9999 -9999 -9999 -9999 -9999 -9999 -9999 -9999 -9999 -9999 -9999 -9999 2549.51 2500 2549.51 2692.583 2915.476 3201.562 3535.534 3905.125 4272.002 4472.136 4716.991 5000 5315.073 5656.854 6020.797 6403.124 6800.735 7158.911 7280.11 7433.034 7615.773 7762.087 7905.694 8077.747 8276.473 8500 8631.338 8732.125 8860.022 8732.125 8631.338 8558.621 8514.693 8500 8514.693 8500 8276.473 8077.747 7905.694 7762.087 7566.373 7071.068 6576.473 6082.763 5590.17 5099.02 4609.772 4123.105 3640.055 3162.278 2692.583 2236.068 1802.776
-9999 -9999 -9999 -9999 -9999 -9999 -9999 -9999 -9999 -9999 -9999 -9999 -9999 -9999 -9999 -9999 2915.476 3000 3041.381 3162.278 3354.102 3500 3535.534 3640.055 3807.886 4031.129 4301.163 4609.772 4949.748 5315.073 5700.877 6103.278 6519.203 6670.832 6800.735 6964.194 7158.911 7280.11 7433.034 7615.773 7826.238 8062.258 8139.41 8246.211 8381.527 8544.004 8732.125 8944.271 9013.878 9000 9013.878 8944.271 8732.125 8544.004 8381.527 8015.61 7516.648 7017.834 6519.203 6020.797 5522.681 5024.938 4527.692 4031.129 3535.534 3041.381 2549.51 2061.553 1581.139
-9999 -9999 -9999 -9999 -9999 -9999 -9999 -9999 -9999 -9999 -9999 -9999 -9999 -9999 -9999 2236.068 2500 2828.427 3201.562 3162.278 3041.381 3000 3041.381 3162.278 3354.102 3605.551 3905.125 4242.641 4609.772 5000 5408.327 5830.952 6082.763 6184.658 6324.555 6500 6670.832 6800.735 6964.194 7158.911 7382.412 7566.373 7648.529 7762.087 7905.694 8077.747 8276.473 8500 8746.428 9013.878 9300.538 9394.147 9192.388 9000 8500 8000 7500 7000 6500 6000 5500 5000 4500 4000 3500 3000 2500 2000 1500
-9999 -9999 -9999 -9999 -9999 -9999 -9999 -9999 -9999 -9999 -9999 -9999 -9999 -9999 1581.139 1802.776 2121.32 2500 2915.476 2692.583 2549.51 2500 2549.51 2692.583 2915.476 3201.562 3535.534 3905.125 4301.163 4716.991 5147.815 5522.681 5590.17 5700.877 5852.35 6041.523 6184.658 6324.555 6500 6708.204 6946.222 7071.068 7158.911 7280.11 7433.034 7615.773 7826.238 8062.258 8321.658 8602.325 8860.022 9013.878 9192.388 9013.878 8514.693 8015.61 7516.648 7017.834 6519.203 6020.797 5522.681 5024.938 4527.692 4031.129 3535.534 3041.381 2549.51 2061.553 1581.139
-9999 -9999 -9999 -9999 -9999 -9999 -9999 -9999 -9999 -9999 -9999 -9999 -9999 1000 1118.034 1414.214 1802.776 2236.068 2500 2236.068 2061.553 2000 2061.553 2236.068 2500 2828.427 3201.562 3605.551 4031.129 4472.136 4924.429 5024.938 5099.02 5220.153 5385.165 5590.17 5700.877 5852.35 6041.523 6264.982 6519.203 6576.473 6670.832 6800.735 6964.194 7158.911 7382.412 7632.169 7905.694 8200.609 8381.527 8544.004 8732.125 8944.271 8558.621 8062.258 7566.373 7071.068 6576.473 6082.763 5590.17 5099.02 4609.772 4123.105 3640.055 3162.278 2692.583 2236.068 1802.776
-9999 -9999 -9999 -9999 -9999 -9999 -9999 -9999 -9999 -9999 -9999 -9999 -9999 500 707.1068 1118.034 1581.139 2061.553 2121.32 1802.776 1581.139 1500 1581.139 1802.776 2121.32 2500 2915.476 3354.102 3807.886 4272.002 4500 4527.692 4609.772 4743.417 4924.429 5099.02 5220.153 5385.165 5590.17 5830.952 6020.797 6082.763 6184.658 6324.555 6500 6708.204 6946.222 7211.103 7500 7762.087 7905.694 8077.747 8276.473 8500 8631.338 8139.41 7648.529 7158.911 6670.832 6184.658 5700.877 5220.153 4743.417 4272.002 3807.886 3354.102 2915.476 2500 2121.32
-9999 -9999 -9999 -9999 -9999 -9999 -9999 -9999 -9999 -9999 -9999 -9999 -9999 0 500 1000 1500 2000 1802.776 1414.214 1118.034 1000 1118.034 1414.214 1802.776 2236.068 2692.583 3162.278 3640.055 4031.129 4000 4031.129 4123.105 4272.002 4472.136 4609.772 4743.417 4924.429 5147.815 5408.327 5522.681 5590.17 5700.877 5852.35 6041.523 6264.982 6519.203 6800.735 7106.335 7280.11 7433.034 7615.773 7826.238 8062.258 8321.658 8246.211 7762.087 7280.11 6800.735 6324.555 5852.35 5385.165 4924.429 4472.136 4031.129 3535.534 3041.381 2549.51 2061.553
-9999 -9999 -9999 -9999 -9999 -9999 -9999 -9999 -9999 -9999 -9999 -9999 707.1068 500 707.1068 1118.034 1581.139 2061.553 1581.139 1118.034 707.1068 500 707.1068 1118.034 1581.139 2061.553 2549.51 3041.381 3535.534 3535.534 3500 3535.534 3640.055 3807.886 4031.129 4123.105 4272.002 4472.136 4716.991 5000 5024.938 5099.02 5220.153 5385.165 5590.17 5830.952 6103.278 6403.124 6670.832 6800.735 6964.194 7158.911 7382.412 7632.169 7905.694 8077.747 7905.694 7433.034 6964.194 6500 6000 5500 5000 4500 4000 3500 3000 2500 2000
-9999 -9999 -9999 -9999 -9999 -9999 -9999 -9999 -9999 -9999 -9999 1414.214 -9999 1000 1118.034 1414.214 1802.776 2000 1500 1000 500 0 500 1000 1500 2000 2500 3000 3162.278 3041.381 3000 3041.381 3162.278 3354.102 3535.534 3640.055 3807.886 4031.129 4301.163 4500 4527.692 4609.772 4743.417 4924.429 5147.815 5408.327 5700.877 6020.797 6184.658 6324.555 6500 6708.204 6946.222 7211.103 7433.034 7615.773 7762.087 7516.648 7017.834 6519.203 6020.797 5522.681 5024.938 4527.692 4031.129 3535.534 3041.381 2549.51 2061.553
-9999 -9999 -9999 -9999 -9999 -9999 -9999 -9999 -9999 -9999 1802.776 -9999 -9999 1500 1581.139 1802.776 2121.32 2061.553 1581.139 1118.034 707.1068 500 707.1068 1118.034 1581.139 2061.553 2549.51 2915.476 2692.583 2549.51 2500 2549.51 2692.583 2915.476 3041.381 3162.278 3354.102 3605.551 3905.125 4000 4031.129 4123.105 4272.002 4472.136 4716.991 5000 5315.073 5590.17 5700.877 5852.35 6041.523 6264.982 6519.203 6800.735 6964.194 7158.911 7280.11 7433.034 7071.068 6576.473 6082.763 5590.17 5099.02 4609.772 4123.105 3640.055 3162.278 2692.583 2236.068
-9999 -9999 -9999 -9999 -9999 -9999 -9999 -9999 -9999 1118.034 -9999 -9999 -9999 2000 2061.553 2236.068 2500 2236.068 1802.776 1414.214 1118.034 1000 1118.034 1414.214 1802.776 2236.068 2692.583 2500 2236.068 2061.553 2000 2061.553 2236.068 2500 2549.51 2692.583 2915.476 3201.562 3535.534 3500 3535.534 3640.055 3807.886 4031.129 4301.163 4609.772 4949.748 5099.02 5220.153 5385.165 5590.17 5830.952 6103.278 6324.555 6500 6670.832 6800.735 6964.194 7158.911 6670.832 6184.658 5700.877 5220.153 4743.417 4272.002 3807.886 3354.102 2915.476 2500
-9999 -9999 -9999 -9999 -9999 -9999 500 0 500 -9999 1500 2000 2500 2500 2549.51 2692.583 2915.476 2500 2121.32 1802.776 1581.139 1500 1581.139 1802.776 2121.32 2500 2500 2121.32 1802.776 1581.139 1500 1581.139 1802.776 2000 2061.553 2236.068 2500 2828.427 3041.381 3000 3041.381 3162.278 3354.102 3605.551 3905.125 4242.641 4527.692 4609.772 4743.417 4924.429 5147.815 5408.327 5700.877 5852.35 6041.523 6184.658 6324.555 6500 6708.204 6800.735 6324.555 5852.35 5385.165 4924.429 4472.136 4031.129 3605.551 3201.562 2828.427
-9999 -9999 -9999 2061.553 1581.139 1118.034 707.1068 500 -9999 -9999 -9999 2061.553 2549.51 3000 3041.381 3162.278 3201.562 2828.427 2500 2236.068 2061.553 2000 2061.553 2236.068 2500 2692.583 2236.068 1802.776 1414.214 1118.034 1000 1118.034 1414.214 1500 1581.139 1802.776 2121.32 2500 2549.51 2500 2549.51 2692.583 2915.476 3201.562 3535.534 3905.125 4031.129 4123.105 4272.002 4472.136 4716.991 5000 5220.153 5385.165 5590.17 5700.877 5852.35 6041.523 6264.982 6519.203 6500 6041.523 5590.17 5147.815 4716.991 4301.163 3905.125 3535.534 3201.562
-9999 3162.278 -9999 -9999 -9999 -9999 -9999 1000 -9999 -9999 -9999 2236.068 2692.583 3162.278 3535.534 3640.055 3535.534 3201.562 2915.476 2692.583 2549.51 2500 2549.51 2692.583 2915.476 2549.51 2061.553 1581.139 1118.034 707.1068 500 707.1068 1118.034 1000 1118.034 1414.214 1802.776 2236.068 2061.553 2000 2061.553 2236.068 2500 2828.427 3201.562 3500 3535.534 3640.055 3807.886 4031.129 4301.163 4609.772 4743.417 4924.429 5099.02 5220.153 5385.165 5590.17 5830.952 6103.278 6403.124 6264.982 5830.952 5408.327 5000 4609.772 4242.641 3905.125 3605.551
3807.886 -9999 -9999 -9999 -9999 -9999 -9999 -9999 -9999 -9999 -9999 2500 2915.476 3354.102 3807.886 4123.105 3905.125 3605.551 3354.102 3162.278 3041.381 3000 3041.381 3162.278 3000 2500 2000 1500 1000 500 0 500 707.1068 500 707.1068 1118.034 1581.139 1802.776 1581.139 1500 1581.139 1802.776 2121.32 2500 2915.476 3000 3041.381 3162.278 3354.102 3605.551 3905.125 4123.105 4272.002 4472.136 4609.772 4743.417 4924.429 5147.815 5408.327 5700.877 6020.797 6363.961 6103.278 5700.877 5315.073 4949.748 4609.772 4272.002 3807.886
-9999 -9999 -9999 -9999 -9999 -9999 -9999 -9999 -9999 -9999 -9999 2828.427 3201.562 3605.551 4031.129 4472.136 4301.163 4031.129 3807.886 3640.055 3535.534 3500 3535.534 3535.534 3041.381 2549.51 2061.553 1581.139 1118.034 707.1068 500 707.1068 500 0 500 1000 1500 1414.214 1118.034 1000 1118.034 1414.214 1802.776 2236.068 2549.51 2500 2549.51 2692.583 2915.476 3201.562 3535.534 3640.055 3807.886 4031.129 4123.105 4272.002 4472.136 4716.991 5000 5315.073 5656.854 6020.797 6403.124 6020.797 5590.17 5099.02 4609.772 4123.105 3640.055
