lus_demo/data/Current_situation/Thematic_maps/Accessibility/rsmainp.asc
ncols         540
nrows         650
xllcorner     10000
yllcorner     300000
cellsize      500
NODATA_value  -9999
[rows 396 to 428 of 650, columns 225 to 299 of 540]
-9999 -9999 -9999 -9999 -9999 -9999 -9999 53175 53461 53887 54306 54983 54764 55169 55776 58420 57835 57463 57891 58395 58721 58558 -9999 -9999 -9999 59333 60103 60562 60906 60890 61438 63063 62773 62897 64672 64055 64422 66381 65851 65788 64698 65318 66512 65889 65743 65433 64820 65410 65939 67733 67560 -9999 69306 69297 69918 70543 71168 71793 79730 79116 78514 77945 77572 77843 77694 -9999 78847 79095 79494 83921 83617 83450 83454 87435 86866
-9999 53751 53142 52808 53609 -9999 -9999 -9999 -9999 -9999 -9999 -9999 -9999 55578 56213 58578 57953 57403 57918 58408 -9999 -9999 -9999 -9999 -9999 -9999 -9999 61124 61539 61358 62903 62443 63406 63217 65945 65344 65246 65848 -9999 65674 65293 65875 65953 65286 65119 65413 65379 65530 68557 68115 68042 -9999 -9999 -9999 -9999 70695 71274 76575 76259 79077 78456 77843 77328 -9999 -9999 77798 78250 78611 79116 82478 83221 84470 84421 87293 86672
54573 53691 53106 52960 53335 54341 54292 55246 56558 -9999 -9999 -9999 -9999 -9999 -9999 -9999 -9999 57991 -9999 -9999 59292 59619 61520 60920 59853 60410 -9999 -9999 61269 61891 63063 62789 62987 63852 64210 65575 -9999 -9999 -9999 65734 65536 65573 65714 64914 64928 65297 -9999 -9999 -9999 -9999 -9999 -9999 -9999 70087 72674 -9999 -9999 76111 75705 75476 75516 78194 77376 -9999 77375 77205 77728 78288 78895 81856 82614 83868 83798 83990 86723
54957 53976 54768 54186 54108 54256 54675 55170 56283 56187 56928 57534 -9999 58739 59342 59106 -9999 -9999 59189 59643 59803 62185 61305 60697 60478 60649 61121 62050 -9999 -9999 -9999 -9999 -9999 -9999 -9999 -9999 -9999 -9999 66512 66930 66580 65708 -9999 65403 -9999 -9999 -9999 68286 68736 69323 70834 -9999 -9999 72420 72058 72205 -9999 73569 75229 74867 74937 75368 77911 -9999 77360 77184 -9999 78288 81525 -9999 82029 83299 83179 83486 83408
55631 55335 55274 54720 54499 54769 55055 55552 56709 56669 57330 57770 57846 -9999 58996 61336 61502 59240 59813 59884 63623 63085 62650 62487 61040 61175 61384 63033 62587 63331 63584 64124 64264 64501 71756 71311 71000 -9999 -9999 -9999 -9999 -9999 -9999 -9999 68284 67945 67971 66976 67998 68641 70053 -9999 72840 72215 71592 71965 72856 -9999 74974 74361 74529 75149 -9999 78239 77853 -9999 78250 80410 81143 80650 -9999 81347 82602 82526 -9999
55209 54759 54703 55105 55113 55386 55522 55929 57296 57273 57945 58342 58399 58729 -9999 60715 60968 61426 61966 64060 63440 62824 62226 61868 62342 61797 63720 63348 62563 62991 63419 64035 64881 72389 71810 71436 71352 69562 69428 69059 66669 68373 68053 68280 67988 67827 67491 67161 67803 68308 69433 70198 70403 72452 72173 72235 72252 72603 -9999 -9999 -9999 -9999 -9999 78709 78441 79254 80357 79858 79755 80568 80965 81499 81788 82300 84321
55030 54405 54280 54905 55530 56010 56096 56388 57906 58720 59162 59016 61619 61112 60644 -9999 -9999 61161 61773 64076 63461 62855 62286 61990 62393 64293 63698 63298 63698 63605 63788 64251 64806 72680 72253 70468 69858 69445 68828 68449 68203 68204 67841 68056 67613 67713 67547 68270 68264 69218 68863 69573 69999 71014 71144 72903 72511 73463 73156 -9999 -9999 75100 75573 78300 78972 78640 78724 79628 79440 80045 81898 81548 81874 82711 83946
55209 54759 54703 55105 55655 56634 56697 56919 58523 64256 63843 63559 61460 60836 60235 60037 60541 62469 -9999 63673 63680 63162 62757 62612 62824 64558 64116 63923 64116 64229 64337 64666 65123 71811 71228 70705 70430 69239 68878 68496 67837 68045 68073 68213 67929 67778 68706 68530 69330 69444 69262 69673 70043 70705 70935 72815 73420 73098 73481 75130 74505 74780 75405 -9999 77644 78090 78291 80045 79968 80316 82344 82382 82363 84349 83773
55631 55335 55305 55556 55983 60198 60123 60225 60483 63881 63373 62982 62844 61076 61083 60738 61590 62320 -9999 65326 65610 63623 63330 63236 67837 67758 67220 67063 66668 66844 67223 65177 65548 72080 71589 71211 71055 69681 69503 67966 67710 68247 70636 70392 70711 68427 68640 69265 69068 69682 70472 70298 71586 71253 71348 72227 72338 73670 -9999 -9999 74979 75313 -9999 77322 77130 78346 78649 79253 80579 80799 83238 82976 82965 84651 84267
57892 57738 57892 58694 58599 59602 59498 59639 59973 63645 63046 62493 62222 62313 61935 61435 61453 61987 62605 -9999 65126 67543 68155 67645 -9999 -9999 66717 -9999 66045 66339 66850 67424 68021 72473 72070 71787 71680 70242 68830 68414 68303 68590 70420 69930 69802 68991 68831 69278 69623 70063 70527 70923 72077 73373 72749 72140 72262 73559 73288 73819 75161 74728 -9999 77578 77478 78944 79075 79505 80045 81357 83780 83588 83581 85122 84855
57391 57113 57391 58125 57975 59039 58874 59095 59548 63602 62982 62373 61693 62039 62620 62050 61812 62133 63960 64242 64425 66920 66990 -9999 -9999 66517 -9999 65890 65455 66056 66680 67304 67929 72534 74077 73666 73370 73244 69280 68990 70866 70668 70091 69881 69754 70049 69346 69546 70048 70446 70943 71548 76749 73493 72956 72638 72864 74034 73738 74015 75398 75320 75626 76146 78082 78333 79644 79945 80383 81943 84356 84207 84201 85664 85464
57178 56613 57178 57666 57353 58603 58252 58694 59291 59906 63219 62205 61581 62008 62224 62844 62423 63836 63358 63558 66605 -9999 -9999 -9999 66676 66709 66284 -9999 65909 66329 66786 67378 67985 71916 73690 73193 72802 72620 72734 70722 70284 70200 69821 69903 69894 70450 69968 72228 72347 72718 73212 76554 76175 74770 74644 74105 73593 73895 -9999 75525 76201 75880 76172 76401 76912 77491 80244 80470 80824 81264 84950 84827 86512 86239 86080
57284 57183 57486 57642 57304 58049 58248 58791 59413 60037 63193 62582 62023 62100 62475 62970 64524 63950 63774 63625 66292 65721 66002 66612 66730 66231 66755 67087 -9999 66758 67198 67726 71541 71305 71262 73388 72310 71997 72203 70528 69903 69799 69957 70270 69946 70570 71970 71608 71834 72365 73135 76191 75671 75386 74024 74644 74318 73923 74695 75134 75927 -9999 76796 76923 77285 77768 78309 81035 81328 81706 85553 85450 87061 93348 92729
56922 57158 57513 58680 58060 58158 58873 59108 59599 60166 63407 62906 62574 62607 63028 63356 64531 63965 63795 64295 65863 65241 65688 67111 66578 66459 66915 67463 70551 70388 -9999 70793 71033 70706 70642 73088 72511 71456 71930 70787 70650 70512 70242 70570 70426 70783 71823 71253 71747 72980 74283 75395 75423 74798 73808 74265 74226 74575 74828 -9999 -9999 78656 78555 78874 79382 79952 80545 81150 81867 82196 82588 86073 93949 93325 92701
57812 57520 57739 58913 58526 58567 58993 59636 59991 60463 63790 63403 63183 63203 63456 65357 64845 64466 64388 64670 66114 65806 65993 67054 66459 66296 66859 68661 70025 69765 -9999 -9999 70642 70153 70033 70428 72324 71978 72543 71640 71206 71134 71119 71121 71042 71255 72288 72320 72198 72817 73667 74823 74797 75025 75234 74971 75192 75068 75073 -9999 76265 -9999 77990 78574 79193 79815 80439 81063 81688 90733 90669 93065 92731 92937 92718
59044 59049 59338 59858 59128 59152 59433 63863 63968 64281 64720 63963 63801 63816 64003 65728 65320 65055 65006 65192 66611 66428 66534 67328 66929 68150 67873 68169 69675 69153 69509 70115 70217 69619 69638 -9999 72719 72573 71119 71140 71222 71153 71680 74088 74373 73704 73154 72723 72672 73363 73110 74580 74534 75141 75744 75668 75387 75529 75628 -9999 -9999 -9999 78266 78690 79262 79864 80477 81094 88791 90120 90045 92580 92195 92406 92099
58683 58462 59085 59710 61032 60853 63465 63239 63407 63843 64379 66975 66929 67384 67581 67916 65863 65663 65628 67474 67179 67052 67125 67788 68576 67954 67423 67978 70103 69451 -9999 71005 70292 69776 69704 70178 -9999 71788 71295 71310 73079 71721 73419 73508 74661 74902 74621 74975 74775 73840 73366 73766 75023 75500 77370 76784 76029 76096 76698 -9999 -9999 78948 78874 79120 79560 80086 80652 88157 88169 89510 89420 89459 91698 91335 91542
59066 59025 59321 61198 60605 60229 60651 62617 62982 63578 66673 66373 66307 66774 67041 67461 67963 72150 72030 72832 72474 72260 72021 71863 68763 68275 68048 68291 70323 70520 -9999 70744 71368 70327 72832 72742 73060 72635 72037 72445 72646 73205 72850 73061 74057 74438 74075 73521 74150 74573 73907 74777 74620 75213 77414 76878 76784 76572 -9999 -9999 -9999 81923 79494 79661 79997 80439 87318 87535 87550 88909 88796 88845 91266 90817 91039
59652 59649 59820 61434 60837 60691 60672 62716 63030 63604 66238 65802 65690 66184 66581 67111 67688 71562 71408 71442 71951 71653 71488 71239 71387 69746 69191 69105 69628 -9999 70591 70940 71484 72997 72391 72176 72751 72742 72278 73073 73465 73058 72828 73705 73583 74202 73738 73400 73681 74224 75480 74971 74876 75324 77762 77414 -9999 -9999 -9999 81521 81220 81361 81812 82364 85650 86964 86712 86914 86933 88322 88172 88238 90944 90392 89941
62492 63307 62951 62503 60974 60871 63073 61653 62278 62903 66006 65393 65123 65714 66315 66934 70973 71003 70787 70837 71533 71078 71022 70625 70953 69739 69175 69086 70048 70601 71210 71414 73749 73141 72575 72405 72905 74016 73407 72745 73256 -9999 -9999 74001 73941 74234 73698 73564 73618 74179 74783 -9999 75473 75740 76190 -9999 83620 83630 -9999 81220 80637 80975 81592 84956 85076 85604 86121 86296 86325 87772 87550 87650 88012 90172 89555
62431 62886 62703 62099 61698 62398 62981 62163 62499 63034 66102 65582 65424 65886 66397 69003 70510 70113 70174 70261 71360 70735 70610 70745 71593 72126 70048 69533 69928 70537 -9999 -9999 -9999 73455 73076 72998 73280 74088 -9999 -9999 73725 74227 74061 -9999 74539 74649 74199 74116 -9999 74712 81171 81318 -9999 -9999 83485 83117 83011 83025 83358 81361 80975 81167 84348 84271 84548 84996 85578 85385 85743 87325 86933 87128 87656 90271 90067
62058 62678 62747 62181 61872 62917 62750 64248 62981 67493 66939 66521 66555 67849 67776 68396 70215 69635 69639 69850 70466 71100 71151 71210 71453 72056 70399 -9999 71243 73321 72956 73202 73742 74337 73665 81643 81604 74430 74056 73946 74169 82483 82569 82023 -9999 -9999 -9999 75083 74727 74931 80564 80902 81938 82263 82520 82601 82443 82475 83003 81812 81592 84275 83778 83679 84143 84428 84428 84778 85340 87193 86616 86949 88262 90608 90008
62292 62799 63058 62651 63297 62778 63417 63828 64418 67375 66750 66125 66409 67403 67228 67842 68380 69912 69668 70076 70578 71943 71554 71800 71978 -9999 71580 70956 70781 -9999 72643 73045 73660 82037 81490 81063 80994 81352 82344 81890 81709 81951 82428 81808 81185 81235 80761 80893 81435 81180 80777 82153 81440 82038 81950 82133 81796 82390 81633 81703 82839 82716 83604 83465 83315 84271 84271 85211 85636 88019 87716 87378 88138 88484 90424
62831 63175 63518 64133 63653 63750 63392 63817 64412 67503 66953 66878 66704 67580 67842 67824 68372 70183 70063 70458 71014 72397 72165 -9999 72525 72311 71743 71276 71196 73510 73340 73840 73883 81888 81265 80647 80481 81091 82110 81500 81089 81596 82208 81980 81549 80141 80278 80578 80810 -9999 81395 79547 81138 80847 81228 81440 81918 78716 81008 81270 82477 82184 83038 82490 83099 84782 85594 85683 86205 87685 87060 87647 87919 88840 89047
-9999 -9999 -9999 64536 64615 64186 -9999 -9999 -9999 68270 67757 67375 67296 69143 68552 68510 69094 71688 71073 71042 71430 71968 -9999 72833 73118 72610 72152 71844 72793 72183 72160 72768 75038 75186 81387 80895 80806 -9999 80884 81618 81335 81699 82267 80940 80315 79690 79865 80766 80435 80607 79692 79073 79195 81009 80432 78168 78317 -9999 -9999 80396 81053 81600 81780 82992 83263 85594 85025 85236 85839 87895 87546 87474 87806 88518 88871
64646 64226 65419 65494 65058 64748 64640 64776 65105 -9999 -9999 -9999 67914 69212 68703 68673 69167 71293 70898 70575 -9999 -9999 72441 73444 73726 73034 72670 73579 73045 72652 72643 74591 74414 74651 81775 81453 81407 -9999 80318 80350 80884 82154 82574 81062 80513 -9999 80197 79753 79695 80233 79563 78938 78748 79523 80153 80730 80260 79709 79653 80313 81021 81440 82168 82748 83702 84075 85236 85596 85933 87987 87389 87283 88123 89111 89259
-9999 72544.5 72334.5 72220 65580 65343 65265 65364 68955 68908 69040 68571 -9999 -9999 -9999 -9999 -9999 -9999 -9999 -9999 71345 71911 72509 76961 76817 76849 77051 76926 73506 73248 74794 74188 73793 74283 74892 79353 78947 79003 80244 79780 80306 80910 80752 80947 80966 -9999 79461 79028 78728 80246 79778 79397 79335 79530.5 79900.5 80276 80246 80040 79608 80962 81438 81916 82396 83135 83458 84215 85526 85107 85726 88258 87865 87820 88740 90900 90694
69840.5 71997.5 71731.5 71637.5 71567 71362 71500 68640 68352 68285 68802 69035 70699 70640 69869 69859 72293 71902 71764 71497 71770 74647 75391 76393 76196 76241 76511 76516 76044 75778 75298 74283 73991 74366 76311 79160 78535 78660 80025 79800 80315 80181 80137 80243 80211 79655 79055 78750 79125 79830 -9999 -9999 79172 78983 79625 80168 80658 80488 80226 82057 81435 81853 82428 83344 83683 84333 84922 85670 85982 86504 88456 88429 91205 90581 90119
69405.5 71500.5 71147.5 71012.5 70946 70740 70935 68188 67775 67665 68199 68537 70105 70018 70232 70644 72507 72748 73306 73571 74045 74033 74767 75652 75580 75654 76661 76272 75670 75174 74673 74566 75064 75989 75716 76288 78970 79025 80638 80219 79960 79642 79550 79661 79644 79555 80025 79425 79501 79188 80289 -9999 79493.5 78991 80000 80128 80764 81841 81928 81934 82098 82235 83401 83902 84177 84540 85054 86291 86478 89527 89134 88954 91355 90861 90645
70191.5 71109.5 70617.5 70387.5 70334 70121 70439 67915 67321 67071 67653 68185 69564 69401 69765 72276 71914 72130 72697 72947 73460 73438 74143 74743 75000 75170 76046 76537 75689 75219 74923 75244 75486 75414 75519 75940 77246 77038 77656 78454 79335 78928 79050 79295 79308 79108 79745 79384 79142 79370 79683 79813 79700 79398 79943 80430 80972 81404 82123 82105 81528 82773 83400 83777 84585 85000 85403 85985 86593 89178 88644 88331 88553 89755 89645
69600.5 70010.5 70304.5 69763.5 69836 69558 70163 68424 67835 67531 -9999 68147 69300 68956 69574 71935 71393 71530 72133 72328 73088 73365 73607 74125 75006 75135 75563 76148 76117 76100 75841 75506 75870 76074 76030 79028 78703 77360 77326 77955 78290 78635 78620 78495 78786 79158 79197 79123 79243 79811 79523 79573 79513 79691 80063 80918 81070 81914 82528 82657 -9999 83721 83325 84371 84608 84878 85352 85956 89678 89053 88429 87813 88304 89492 89274
69161.5 69778.5 70510.5 70063 69688 69950 70328 68459 67906 67782 68194 70604 69986 69550 70109 71886 71292 71543 71551 72248 73027 73390 74317 74685 75316 -9999 76194 75879 76119 76060 76400 75868 76059 78176 77656 78908 78453 78203 77943 78319 78922 79161 79501 79120 79399 79618 79492 79235 79870 79463 79370 79572 79413 80094 80429 80728 81113 82012 82207 82237 82780 84139 84344 83853 85452 85469 86228 86861 87833 89210 88695 88405 88609 89879 89788
69447.5 69914.5 71383.5 71272.5 71026.5 71646.5 70785 70021 69585 69480 69807 70815 70348 70163 70427 72161 71756 72419 72138 72954 73254 73740 74382 74890 75378 75920 77019 76406 76234 76288 76678 76707 76962 78362 78080 78381 79078 80302 78562 78725 79505 79711 79853 79745 80004 80165 80959 80352 79763 79657 79720 79853 79788 80030 80403 80905 81358 -9999 82294 82066 82584 84238 84016 84445 84866 85513 86022 86434 87333 87838 89200 89029 89145 90451 90400
