lus_demo/data/Current_situation/Thematic_maps/Accessibility/rsmainp.asc
ncols         540
nrows         650
xllcorner     10000
yllcorner     300000
cellsize      500
NODATA_value  -9999
[rows 429 to 461 of 650, columns 225 to 299 of 540]
70023.5 70321.5 71857.5 71265.5 71002.5 71363 71842 69792 69177 68925 69520 70140 72102 71979 72499 73507 73550 73191 72614 73248 73633 74347 74930 75194 75838 76143 77381 76853 76843 76728 77238 77173 77496 78108 78705 78870 80151 79689 79952 80528 80126 80330 80410 83264 83182 83403 81080 80621 80660 80155 80113 80235 80118 80465 80839 81036 81798 82186 82528 82671 -9999 83952 83498 84504 85269 85363 85745 86449 87295 87847 88444 89654 89734 91056 91020
70631.5 72495.5 71891.5 71332.5 70939 71085 71705 69961 69395 69225 69725 72147 71601 71358 71910 72883 73042 73740 73138 73738 74239 74605 75464 75738 76084 76753 77732 77445 77460 77828 77630 77708 77625 78177 79330 80740 80141 79665 79939 81532 81758 82211 83220 82721 82567 82943 81491 82730 82324 81175 81480 80822 80892 81625 81489 -9999 82244 82500 83051 83248 86315 84212 84080 84805 86021 86151 87154 86790 87195 87761 89534 89893 90369 92123 91643
71248.5 72722.5 72213.5 71801 71429 71490 71921 71759 71409 69818 70100 72076 71465 71096 71604 72267 72624 74154 73709 73938 75078 74984 75475 76007 76479 76926 78249 78064 78124 78323 78222 78238 78114 78506 79013 80992 80528 80277 81243 80911 81355 83175 83087 82464 82148 82763 83386 82549 81945 81914 81349 81166 81600 82263 82081 -9999 82764 82764 83544 86515 85913 85490 84758 84667 85414 85903 87500 87179 87228 88768 89009 89685 91402 91530 91830
74227.5 73767.5 73458.5 73420.5 73179.5 73147.5 73470.5 71424 70875 70808 71330 72311 71864 74491 72025 72539 72926 74445 74096 74440 75440 76473 76578 76326 77041 77354 77801 78686 79179 78909 78829 78839 78690 78976 79389 81409 81062 81836 81255 80936 81365 82557 82899 82821 82689 83021 83545 82673 82224 82290 82090 81488 81748 82570 83129 83608 83200 83200 83608 86545 85969 85615 85275 85555 85460 86996 87050 88484 87826 88143 88802 89336 90777 90964 91363
73933.5 73361.5 72890.5 72819.5 72660.5 72586.5 73130.5 71531 70907 70882 71506 76217 74730 74112 74307 73138 73508 73922 74611 75013 76997 76473 76578 77140 77747 78364 78235 79310 79720 79515 79447 79454 79632 79511 82291 81912 82651 82126 81709 81557 82393 82043 82788 82341 82989 83331 83529 83536 83370 82951 82088 82280 82148 82338 82918 83538 83794 83794 84058 86841 86723 86116 85833 86155 86329 86551 86676 87385 88319 88060 88720 90371 90155 90481 92395
73407.5 73210.5 72588.5 72505.5 72640.5 72604.5 73147.5 71738 71318 71307 76146 75626 75827 74588 74765 74301 73668 74138 75123 75161 75686 77047 77094 77460 77967 78529 79116 80569 80294 80130 80067 80073 80214 80080 82779 83507 83006 82578 82277 83175 82688 82533 82740 82267 82544 82850 82955 82970 82911 82708 82903 82736 82615 82681 83301 83926 87578 87338 88103 87806 86562 86611 86181 86386 86951 86950 87008 87359 88133 88255 88788 90127 89665 90277 91790
72965.5 72586.5 72742.5 72527.5 73035.5 73154.5 73487.5 75137.5 76307.5 75876.5 75900.5 75691 75870 75139 75138 74538 74220 74685 75031 75305 75895 77660 77690 77942 78343 78830 79363 84903 84969 80748 80690 80694 80811 89855 89558 89264 89001 85854 85239 84635 84070 83813 84241 83273 82918 82992 82779 -9999 82671 83272 83613 83013 83203 83708 84058 84641 87084 86738 86701 87231 86114 85873 86643 87013 87371 87969 88218 87977 88225 88391 88970 90446 90254 91891 91286
72901.5 72437.5 72770.5 72572.5 73054.5 74749.5 74431.5 74425.5 76135.5 75512.5 75562.5 75981.5 76148.5 76123.5 75138 75128 75165 75262 76255 76170 76688 77288 77902 78490 78813 83003 84336 84278 84358 84566 84878 85268 90218 89347 88997 88743 88421 88241 85218 84602 84006 83694 84192 83792 83504 -9999 83291 -9999 83091 83167 83248 83392 83813 83659 84035 84628 86738 86200 86121 86873 86364 86154 87023 87135 87431 88952 90694 90326 89692 89751 90219 90987 90877 92014 91560
73285.5 73060.5 73241.5 74399.5 73937.5 74180.5 73872.5 73975.5 74587.5 75944.5 75966.5 76319.5 76467.5 76455.5 75721 75183 75216 75754 76223 76131 76671 77277 80613 80819 82335 82391 83728 83653 83755 84013 84385 84833 89750 89343 88470 88163 87871 87626 87626 84870 84445 84306 84561 85462 85554 84134 83843 83996 83542 84203 83743 84293 84158 84386 85899 86128 86868 86244 86236 87140 87010 86893 86991 88428 88126 88513 90429 89828 89320 89443 90066 90691 92875 92250 91626
73755.5 74156.5 74568.5 74781.5 73891.5 74154.5 74157.5 74210.5 74699.5 76541.5 76553.5 76909.5 77048.5 77042.5 76065 75747 75762 77104 76737 76696 78623 79971 80005 81020 81711 81788 83132 83028 83169 83503 83954 88998 88699 88866 88476 87602 87396 87026 87026 87396 85014 85980 85153 84842 85003 85474 86037 84413 85350 84725 84400 84618 84776 85561 85281 85714 87339 86585 86935 86693 87019 87053 87763 87670 87978 88451 90133 89683 90211 90283 91488 91787 92279 92406 91925
73165.5 73805.5 74028.5 74204.5 74941.5 74618.5 74747.5 74774.5 75089.5 80699.5 80430.5 80377.5 80533.5 80160.5 80338.5 76356 81747 79073 78497 78034 78047 79363 79422 80402 81089 81210 82569 82404 82625 83078 83620 88508 88136 87915 87982 87123 86780 86519 86519 87111 86048 85495 85207 84274 84661 85185 85714 86342 85720 85105 84875 85190 85570 85524 85209 85684 87364 87215 87450 87074 87397 87668 87758 87932 88392 88830 90234 89773 89846 89993 90905 91451 92146 93997 92480
72940.5 73445.5 74088.5 74642.5 74975.5 75814.5 76311.5 75379.5 80739.5 80227.5 79843.5 79758.5 79909.5 79541.5 79811.5 81348 81124 81255 78372 77760 77767 78858 79000 79806 80476 80734 82133 81782 82224 82821 83436 87318 87625 87309 87649 87098 86281 86655 86693 87190 85980 85368 84934 84908 84347 84891 85506 86842 86239 85680 85419 85697 85978 85968 85824 86068 88092 87868 87719 87938 88015 88645 88270 88895 91013 90995 90234 89773 89751 90188 90896 91304 93614 93374 93710
73062.5 73671.5 73855.5 74506.5 74943.5 75509.5 76720.5 77563.5 77899.5 79915.5 79347.5 79161.5 79288.5 78940.5 79429.5 80925 80505 80775 78623 78340 78478 78543 79148 79888 80429 80708 82157 81831 82245 82833 86551 86805 86497 86745 86704 87116 87116 86965 87263 87572 86208 85865 85309 85406 84606 84998 85568 86171 87970 87428 87064 87198 86460 86857 88502 88427 88750 88596 88315 91100 90914 89114 88686 89616 90525 90482 91074 91267 90648 90568 91030 91475 93416 92963 93540
74535.5 73830.5 74387.5 74809.5 75070.5 75515.5 76526.5 77017.5 77504.5 79908.5 79333.5 79139.5 79263.5 78918.5 79420.5 80875 80385 80713 81309 79260 78836 79164 79360 79847 81391 81254 81853 82454 82666 85919 85844 85720 85925 86536 86468 87067 87665 88000 87846 88085 86501 85907 85406 85485 86023 85442 85871 88468 87843 87218 86593 86893 88829 89031 87936 87807 88107 88609 91336 90723 90295 89603 89246 89485 90708 90679 91162 91701 91101 90973 91078 91935 92504 93438 93682
74135.5 74884.5 76028.5 75818.5 75384.5 75725.5 76342.5 76717.5 77342.5 79465.5 79821.5 79733.5 79884.5 79516.5 79792.5 81248 80999 81147 81575 79695 80021 79670 79798 80389 81603 81522 81971 83593 86293 85614 85045 85176 85832 85890 86977 87343 88271 88498 88352 87304 86758 86284 85986 86023 86369 85993 90661 90509 88801 88278 88008 88601 88207 88580 87530 87223 87797 88416 91558 90933 90323 90405 90423 90280 90543 91258 91555 91971 91583 92225 91633 91706 92308 92962 93392
74536.5 75970.5 75365.5 75840.5 76329.5 76320.5 76854.5 77017.5 79295.5 78875.5 78864.5 79541.5 79531.5 79937.5 80483.5 81781 81623 81713 82018 -9999 81125 80705 80975 81541 82158 82980 82746 83169 84470 85475 84446 84973 85234 85844 86770 87819 88295 88246 88432 88792 88639 88146 87835 87902 88292 90602 90129 89885 90054 88046 87458 88024 87963 88478 87701 87729 88124 88736 92309 91234 90872 90646 90673 90394 90610 91169 93040 94544 94653 92515 92249 92346 92682 92963 93549
75260.5 76165.5 75834.5 76054.5 76711.5 76945.5 77473.5 77563.5 79088.5 78464.5 78439.5 79121.5 79096.5 79718.5 81058.5 81521.5 82247 82312 82178 81603 81131 80585 80913 81509 83490 82890 82582 83218 83903 85054 84510 84675 85298 86378 86579 87066 87706 87628 87910 88383 88873 87809 87263 87417 88002 90375 89765 89267 89646 89007 88423 88414 88722 88829 88389 88019 89026 -9999 91831 91583 92052 91197 91298 91004 92192 92181 92596 94001 93823 93771 93860 92970 93493 93193 93689
75563.5 76017.5 76457.5 76576.5 76938.5 77570.5 78096.5 79818.5 79254.5 78808.5 78797.5 79452.5 80327.5 80188.5 80663.5 81807.5 82262.5 83438.5 82092 81469 80851 80769 81765 82915 83750 83323 83533 83350 84204 84745 85102 85252 85444 85780 86265 87771 87205 87035 87535 89852 88602 88004 87435 87660 89083 89538 89847 89462 89743 89303 89182 88966 89271 89875 89296 88600 88800 89911 91818 91560 92043 91728 93040 92415 91791 91766 92390 93691 93268 93790 93876 94431 93885 93634 94913
76389.5 76773.5 77767.5 78233.5 78785.5 78195.5 78720.5 80125.5 79677.5 84796.5 84468.5 80975.5 80819.5 80062.5 80942.5 81400.5 82563.5 82995.5 82846 82227 81629 81468 82035 82556 84725 84416 84043 83955 85255 84908 85761 85850 86596 86278 86504 87691 87190 87014 87526 89461 88977 88546 87856 88615 88740 89813 90290 90084 90225 90622 89709 89589 91112 90109 89683 89193 89185 90231 90462 90613 90883 91496 93370 92589 92147 92136 92568 93962 93773 94106 94401 94759 95007 94388 94510
76265.5 76930.5 77395.5 78006.5 78626.5 79249.5 86403.5 85778.5 85154.5 84531.5 83920.5 84233.5 80819.5 80942.5 80755.5 81721.5 82123.5 83538.5 83604.5 82302 81786 82329 82329 83453 84106 84522 84970 85792 85189 84758 85436 85602 86220 87728 87190 87111 87612 87604 87891 89379 88793 88857 88426 89253 89013 89620 90244 90709 90800 91088 91766 91171 90625 90062 89708 89742 89585 90823 89980 90153 91072 92691 92810 94485 94404 92726 93000 94498 94394 94588 94999 95732 95170 94746 94806
76130.5 76685.5 77505.5 78066.5 78667.5 79280.5 86286.5 85664.5 85045.5 84436.5 83966.5 84411.5 81760.5 81420.5 81768.5 81447.5 82240.5 82931.5 83061.5 83128.5 83630.5 83346.5 82496 83205 83520 84095 84943.5 85365.5 85585 86087 85824 86117 86673 87651 87111 87014 87570 89415 89043 89153 90001 90001 89870 89497 89598 89895 90409 90984 91401 92328 91704 91081 90462 89950 90129 90506 90020 90793 90798 90713 91286 92205 92480 93952 93794 94206 94774 96877 96892 97140 97542 96043 95605 95344 95375
76574.5 76907.5 77512.5 78021.5 79885.5 80764.5 80918.5 85696.5 85092.5 84522.5 84247.5 84477.5 84333.5 83482.5 83277.5 82257.5 82182.5 82622.5 82380.5 82505.5 82647.5 83049.5 82900 83117 84033.5 84048 84528.5 85866.5 86142.5 86113 86281 86385 87085 87218 87679 88459 88778 88998 88578 89166 89532 89532 91317 90119 90257 90398 90779 91266 94656 94075 93526 93054 91450 90973 90667 90990 90568 91111 91033 90912 91150 92667 92790 93763 93493 94079 96604 96269 96294 96658 97170 99302 96143 95960 95981
76813.5 77110.5 77446.5 79362.5 79262.5 80143.5 80361.5 80558.5 85396.5 84976.5 84860.5 84824.5 84261.5 83837.5 83239.5 82893.5 84134.5 82490.5 82724.5 82664.5 82677.5 83919.5 83286.5 83473 84013 84397.5 85622.5 85263.5 85815.5 87059 86633 86630 87889.5 88476.5 88772 88097 88481 88767 88791 89261 89464 90590 90917 91574 92171 91118 91259 91663 94518 93898 93282 92680 92184 92431 91775 91291 91353 91398 91698 91874 91648 92850 93549 94172 94060 94376 96278 95720 95778 96350 98695 98685 98915 99170 98972
76708.5 76659.5 77281.5 78827.5 78643.5 79530.5 79676.5 80156.5 82759.5 82563.5 83014.5 85144.5 84587.5 84419.5 83316.5 83717.5 83770.5 83393.5 82840.5 82965.5 82992.5 84229.5 84203.5 84120.5 84827 84800 85944 85545.5 86812 87366 87168 87230 88199 89159 88748 88904 88635 88927 89055 89296 89724 90279 90933 91522 92138 92759 91796 92133 94524 93906 93293 92699 92229 92458 92326 92012 91748 91744 91909 92890 92265 92762 93141 94553 94770 95229 96310 95795 95844 96380 98096 98079 98426 98651 98358
77122.5 77101.5 77502.5 78572.5 78180.5 78814.5 79329.5 79945.5 82240.5 81948.5 82393.5 82510.5 84875.5 84250.5 83900.5 84133.5 84100.5 83330.5 83447.5 83085.5 83080.5 83435.5 84067.5 84771.5 84665.5 85646.5 86004.5 86044 87668.5 87680.5 87333 87695 87940 89495 89342 89063 89416 89358 89615 89748 89833 90650 91419 91807 92330 92902 93495 95267 94673 94096 93554 93093 92837 92601 92277 92733 92599 92553 92443 93977 93573 92957 93307 93929 94382 94987 96676 96365 96388 98161 97583 97543 98113 98270 97774
77710.5 77698.5 79380.5 78905.5 78741.5 79111.5 79455.5 80015.5 81866.5 81363.5 81784.5 82037.5 82615.5 84545.5 84390.5 84455.5 84252.5 83877.5 83338.5 83370.5 83432.5 83775.5 84404.5 84842.5 85005.5 85911.5 85957.5 86360.5 87467.5 87644.5 87958 88299 88578 90044 89909 90555 90150 89829 89928 90290 90452 90703 91501 92274 92689 93186 93727 95493 94943 94428 94819 94195 93572 92965 93251 93270 93614 94853 94265 93776 93222 93747 94119 94020 94447 95023 97187 96976 99223 98849 97684 97653 98161 98228 97675
82216.5 78313.5 82083.5 79454.5 81304.5 79735.5 79920.5 82447.5 81840.5 81302.5 81403.5 82037.5 82615.5 84102.5 83675.5 83858.5 83907.5 83337.5 83365.5 83787.5 83730.5 83965.5 84497.5 85207.5 85225.5 85487.5 86157.5 86612.5 87152.5 88169.5 88527.5 88922 89091 91929.5 91319.5 90756.5 90175 90373 90603 90812 91076 91229 91586 92376 93148 93572 94055 95807 96111 95496 94887 94291 93733 93342 93489 93993 94103 94808 94192 93610 93673 95228 94878 94285 94891 95516 96140 99546 98931 98346 98285 99537 99447 98718 98495
81595.5 81664.5 82195.5 81209.5 80694.5 80810.5 81291.5 82940.5 82185.5 81875.5 82012.5 82510.5 84625.5 84009.5 83452.5 83723.5 83330.5 83355.5 83390.5 83610.5 83842.5 84159.5 84278.5 84945.5 85620.5 85565.5 86257.5 86637.5 89206.5 89315.5 91256.5 90710.5 91059.5 91949.5 91350.5 90828.5 90844.5 91374.5 91102 91485 91695 91810 92081 92469 97180 97294 97521 97842 96267 95685 95126 94609 94184 93954 94031 94372 94850 95004 94491 94140 94971 94823 94829 94828 95116 95644 96229 99579 98984 98462 98415 99096 98881 98556 98190
80978.5 81101.5 81625.5 80905.5 80567.5 80516.5 81377.5 82319.5 82610.5 85284.5 84813.5 84753.5 85177.5 84335.5 84038.5 84130.5 83783.5 83555.5 83790.5 83750.5 83775.5 84341.5 84360.5 84882.5 85584.5 85940.5 86175.5 86816.5 88632.5 88892.5 90646.5 90176.5 -9999 91450.5 91567.5 91292.5 91564.5 91993.5 93598.5 -9999 94411.5 94662.5 95923.5 96188.5 96558 96700 96975 97351 97795 95987 95490 95058 94733 94575 94626 94872 95255 95374 96117 95505 94926 94760 95290 95660 95616 95999 102551 102036 101633 101489 98991 99253 99113 99554 98791
80446.5 80739.5 81116.5 81000.5 80554.5 80796.5 82048.5 81727.5 82289.5 85139.5 84517.5 84395.5 85014.5 85638.5 86462.5 86066.5 84814.5 84304.5 84052.5 83875.5 84417.5 84722.5 84906.5 85705.5 86154.5 86577.5 86542.5 -9999 88141.5 90427.5 89345.5 89863.5 91131.5 90826.5 91281.5 90720.5 91170.5 91847.5 92974.5 93796.5 93813.5 94190.5 95339.5 95959 95938 96124 96469 96914 97418 96373 95938 95576 95318 95198 95236 95426 95739 96890 96321 95803 95415 95342 95641 96209 96189 96477 102328 101724 101158 100868 101264 99786 99716 99973 99465
81490.5 81520.5 81262.5 81310.5 81325.5 81373.5 82736.5 82325.5 82935.5 85351.5 84920.5 84869.5 85250.5 86863.5 86238.5 85617.5 85866.5 85060.5 84404.5 84365.5 84585.5 84894.5 85157.5 85547.5 86157.5 86452.5 87205.5 87357.5 88324.5 88262.5 89836.5 90085.5 90927.5 90335.5 90878.5 90922.5 91359.5 91727.5 92357.5 93272.5 93314.5 94575.5 94806.5 95355 95322 95590 96035 96561 97126 97711 96438 96130 95918 95822 103821.5 103750.5 103811.5 97180 96685 96272 96003 95958 96154 96524 97050 102924 102303 101686 101086 100721 101202 101809 100335 100509 100073
81327.5 81369.5 81296.5 81227.5 81514.5 81842.5 83072.5 82902.5 83206.5 85097.5 84518.5 84205.5 84628.5 85217.5 86405.5 86145.5 85680.5 84940.5 85705.5 85151.5 85179.5 86542.5 85990.5 87114.5 86423.5 86896.5 87927.5 87808.5 88341.5 88306.5 88841.5 90597.5 91217.5 90951.5 91401.5 91578.5 91435.5 91873.5 92724.5 93435.5 93465.5 93950.5 94464.5 94790 94726 95165 95734 96334 96945 99611.5 99809.5 104244.5 103811.5 103456.5 103215.5 103125.5 103202.5 103432.5 97145 96813 96612 96579 96723 97013 102997 103370 102953 101943 101505 102453 102480 102864 103389 103964 102509
81851.5 81868.5 82193.5 81650.5 82085.5 82125.5 82610.5 83523.5 83706.5 85161.5 84563.5 84205.5 84679.5 85283.5 88012.5 87716.5 87081.5 85450.5 85583.5 86143.5 86162.5 86795.5 86397.5 86670.5 87072.5 87194.5 88135.5 88097.5 88880.5 88865.5 89189.5 89679.5 91732.5 91575.5 93135.5 92110.5 92134.5 92393.5 93012.5 94011.5 94595.5 94300.5 94721.5 94533 94414 95026 95648 96272 98906.5 99007.5 99247.5 103860.5 103362.5 102932.5 102622.5 102500.5 102604.5 102902.5 103324.5 97387 103205.5 102944.5 102694 102444 102372 103006 102488 102094 102514 101928 101992 102588 103206 103828 106808
