lus_demo/data/Current_situation/Thematic_maps/Accessibility/rsmainp.asc
ncols         540
nrows         650
xllcorner     10000
yllcorner     300000
cellsize      500
NODATA_value  -9999
[rows 396 to 428 of 650, columns 150 to 224 of 540]
42578 -9999 41848.5 41107.5 40592.5 40484.5 40073.5 40502.5 40075.5 39395 39631.5 39303.5 39231.5 38695.5 38245.5 38592.5 38852.5 36901 36866.5 36445.5 36719.5 36530 36109 36189 37191.5 -9999 38572.5 37604.5 37889.5 38192.5 39838 39213 38714 39389 38972 39754 39846 40698 41218 41317 -9999 -9999 42668 42508 42484 42883 42966 43559 43643 44318 44386 43665 45322 45496 45886 44965 45360 46717 47216 47886 47875 47578 47739 47323 48227 47651 48611 48845 51055 50166 50518 50777 50419 50016 -9999
-9999 42206.5 41637.5 41093.5 40896.5 40593.5 40830.5 41001.5 40140.5 39232 39518 38769 38928 39120.5 38830.5 37855 38926 38872 37010.5 37485.5 41375.5 41515.5 36731 36785 39599.5 -9999 -9999 38259.5 39787.5 39700.5 40123.5 39500 39291 41038.5 40443 40065 40091 40345 40868 41224 -9999 -9999 -9999 -9999 -9999 -9999 -9999 -9999 -9999 -9999 -9999 -9999 -9999 46006 45906 45753 45869 46730 47729 47542 47555 47464 47588 47513 47664 47918 48903 49178 50007 50141 50013 50274 -9999 -9999 -9999
41663 42275 41703 41280 41257.5 40839.5 41263.5 41245.5 41694.5 39755 40020 39738 39239 39863 38309 37530 37587.5 38360.5 39770.5 39743.5 40750.5 40978.5 41449.5 43212.5 44282.5 44004.5 -9999 38781.5 39526.5 39358.5 42003.5 -9999 40906.5 40895.5 40797.5 39981 40712 40788 41289 -9999 -9999 44785 -9999 44647 44703 44477 43985 44937 45718 46338 44697 44729 45640 -9999 46285 46552 46550 46910 -9999 -9999 -9999 -9999 -9999 -9999 -9999 -9999 -9999 -9999 -9999 -9999 -9999 -9999 -9999 -9999 54085
41988 42323 41810 41826 41591.5 40803 41054 41865.5 40114 40377 40961 40007 39791 40096 38152.5 38665.5 38195.5 38330.5 39541.5 39496.5 40126.5 40614.5 42837.5 42590.5 43915.5 43407.5 -9999 44397.5 40142.5 39611.5 39397.5 41354.5 40775.5 40677.5 40463 40411 40593 41137.5 -9999 -9999 44078 44435 44792 44864 45231 44630 44338 44986 45406 45861 46310 46932 -9999 -9999 46670 -9999 -9999 -9999 47661 48074 48436 48572 48663 48736 48799 48744 49422 49568 50626 -9999 -9999 53755 53761 54307 54683
44003 43538 43412 43759 41687 41384 41490 40622 40160 40403 40975 40534 40414 40810 39406.5 39011.5 39176.5 40355.5 39745.5 40330.5 40375.5 40721.5 42435.5 41979.5 42217.5 43452.5 43611.5 -9999 -9999 45233.5 40022.5 41814.5 41060.5 41580.5 41232.5 40861.5 41020 -9999 42960.5 43471 43370 43885 44569 45107 45569 45092 44944 45549 -9999 -9999 -9999 47123 47686 47673 47613 47370 47452 47760 47938 48683 48772 49146 49279 49649 49393 49359 50045 55078 -9999 -9999 53908 54098 54024 54766 55249
43818 43194 42897 43518 44143 42002 42065 42298 41892 41914 42338 42890 41006 40412 39950 40193 41473 40592.5 40317.5 40574.5 41000.5 41183.5 42406.5 41909.5 42178.5 45206.5 44620.5 44892.5 44747.5 45223.5 40647.5 -9999 -9999 41680.5 41424.5 41425.5 -9999 -9999 42138 42685 43648 43834 44630 44895 45033 45464 47550 47043 47521 48490 48783 49283 49850 48490 48155 47990 48044 48385 48502 55078 55068 55286 55704 55632 55758 55894 55285 -9999 -9999 54183 53944 54338 54410 54556 55154
43966 43478 43340 43713 44260 44619.5 42708 42083 41460 41510 42133 42758 41123 40673 39904 41536 40849 41454 41809 42375 -9999 43250.5 -9999 42516.5 42637.5 44880.5 44581.5 45144.5 45350.5 45610.5 46074.5 42457.5 42560.5 -9999 -9999 -9999 42110.5 42962 42765 43271 43490 44093 44774 45347 44999 45428 46071 47440 47309 47900 48470 49088 51301 51274 51462 52530 49090 55311 -9999 -9999 -9999 -9999 -9999 55008 55187 -9999 -9999 -9999 54053 -9999 54200 55116 54356 54331 54955
44359 44028 43953 44176 44592 44116.5 43784.5 42410 41872 41890 42434 42244.5 41860.5 40335 40285 41561 -9999 -9999 41704 42316 42937 44868.5 44284.5 43771.5 43589.5 45175.5 45039.5 45407.5 45863.5 46233.5 48387.5 48306.5 48900.5 48833.5 -9999 -9999 -9999 -9999 43598 43320 43958 44283 44672 46240 46070.5 46171 46595 46643 47962 47805 48479 49160 50699 50658 50933 -9999 -9999 -9999 -9999 53932 -9999 -9999 -9999 -9999 -9999 -9999 55445 54934 54586 54613 54806 55181 54757 54746 55161
47283.5 46928.5 46790.5 46928.5 44340.5 43749.5 43233.5 43161.5 43635.5 42434 42774 41970.5 41372.5 41329.5 -9999 -9999 42018 41828 -9999 42537 43093 44789.5 44165.5 43545.5 43190.5 44087.5 44490.5 45366.5 45893.5 48170.5 47803.5 47682.5 48317.5 48212.5 -9999 -9999 -9999 43881 43961 43938 44199 44525 45273 46187 46144 46274 46606 47027.5 47816 48103.5 48490.5 50658 50148 50065 -9999 -9999 52058 55068 54460 53898 53862 54412 54245 53806 54419 55043 55668 55422 55193 55209 55426 55620 55346 55340 55605
46891.5 46400.5 46165.5 46400.5 46891.5 43674.5 43076.5 42970.5 42300.5 42342.5 42841.5 42055.5 41555.5 40901.5 41035.5 41593.5 42568 42453 42598 42945 43408 44926.5 44369.5 43907.5 -9999 44123.5 44496.5 45100.5 45721.5 47809.5 47286.5 47060.5 47827.5 47603.5 48184.5 -9999 45504 44540 44590 44238 44709 45590 45258 45758 46155 46958 46796 47381 48026 48028.5 48458.5 50570 49965 -9999 -9999 51181 51670 52258 54781 54428 54412 54745 54492 54287 54621 55161 55750 55978 55811 55822 56009 56154 55958 55954 58274
46705.5 46083.5 45540.5 46083.5 46705.5 43945.5 43552.5 43507.5 42081.5 42148.5 42750.5 42435.5 42119.5 41488.5 41549.5 41917.5 44765 45048 43181 43446 47791 47234 46739 45656.5 45212.5 44535.5 44743.5 45212.5 45790.5 47695.5 47074.5 46632.5 46815.5 47563.5 47978.5 -9999 45733 45090 44576 45121 46570 45934 46083 46219 46554 47099 47338 47897 48834.5 48652.5 48862.5 50828 -9999 -9999 50626 51015 51597 52213 55269 55029 55019 55376 55020 54908 55101 55502 56005 56557 56431 56440 56587 56728 56576 58508 57921
46813.5 46276.5 45990.5 46276.5 46813.5 44408.5 44143.5 43861.5 43295.5 43097.5 43579.5 44174.5 42725.5 42104.5 44339 44075 44186 44587 45108 45677 47619 47003 46399 45855 45097.5 45376.5 45326.5 45616.5 46075.5 47891.5 47417.5 46917.5 46712.5 47209.5 47940.5 -9999 45915 45285.5 45625 47205 46603 46963 46629 46645 47177 47714 47830 51841 52044 49277.5 49410.5 51283 -9999 51378 51571 51545 51896 52409 52978 55644 55637 55869 55608 55532 55664 55968 56385 56871 57054 57061 60940 60395 59083 58564 57802
47159.5 46772.5 46615.5 46772.5 47159.5 47658.5 44458.5 43847.5 43267.5 43052.5 43918.5 44469.5 45071.5 44560 43959 43470 43712 44292 44903 45521 47788 47166 46548 45955 45934 46524 46242.5 46774.5 48760.5 48180.5 47555.5 46931.5 47298.5 47402.5 48265.5 -9999 46046.5 45601.5 45533 46128 47291 46842 46910 47247 47786 51817 51356 51224 51556 52080 52659 -9999 -9999 51953 52167 52151 52382 52779 53268 56263 56257 56417 56213 56157 56257 56496 56844 57268 57677 61311 60708 60116 59542 59010 57689
47633.5 47346.5 47240.5 47346.5 47633.5 46834.5 45416.5 44795.5 44180.5 43685.5 43846.5 44434.5 45048.5 44638 44013 43392 43888 44299 44908 45525 48244 47620 46998 46388 46365 46973 47595 48219 48899.5 48307.5 47748.5 47297.5 48327.5 47658.5 48021.5 -9999 46325.5 45980.5 45946.5 46542.5 47650 47419 47535 47767 49845 51424 50827 50683 51298 51921 52546 -9999 52775 52554 52779 52768 52937 53250 53663 56884 56880 56992 56827 56781 56861 57058 57353 57724 61833 61210 60587 59966 59347 58734 58145
48338.5 47829.5 48022.5 46826.5 46440.5 46216.5 46226.5 45010.5 45266.5 44750.5 44816.5 45360.5 45962.5 44768 44238 43928 44147 44655 45234 45835 48944 48328 47724 47180 47162 47700 48304 48919 51911.5 51433.5 51070.5 48814.5 48269.5 48362.5 -9999 47803.5 47197.5 46941.5 47509.5 46823.5 48092 48017 48288 49511 49220 49530 50964 50861 51330 52029 52622 -9999 53343 53546 -9999 53389 53521 53776 54126 54547 57503 57583 57444 57406 57473 57639 57893 58220 61835 61212 60590 59969 59351 58740 58156
47221.5 47215.5 47487.5 46440.5 45942.5 45609.5 45625.5 45978.5 45241.5 44692.5 44767.5 45337.5 45948.5 45120 44730 44552 44673 45031 45513 46053 48940 48323 47716 47162 47144 47692 48299 48916 51618.5 51049.5 50550.5 50290.5 49389.5 49637.5 -9999 -9999 47347.5 47450.5 47850.5 48421.5 48683 48636 49964 49345 48846 49370 51504 51454 51731 52191 -9999 -9999 54004 -9999 -9999 -9999 54120 54333 54635 55006 58126 58184 58063 58031 58088 58232 58454 66236 65905 61317 60715 60124 59554 59025 58602
46635.5 46624.5 47051.5 46216.5 45609.5 45059.5 45095.5 45657.5 46853.5 45250.5 45282.5 45648.5 46159.5 45593 45299 45176 45259 45523 45915 53450 50261 49662 49094 48640 48628 49073 49639 53001 51492.5 50867.5 50245.5 49672.5 49223.5 49548.5 50149.5 -9999 47699.5 47322.5 47773.5 48379.5 48998.5 50728 50167 49688 49470 49704 50188 52070 52258 -9999 -9999 53579 54263 54744 -9999 -9999 -9999 -9999 -9999 -9999 -9999 -9999 58684 58656 58706 66647 66175 65743 65368 65066 64860 61183 60558 59933 59308
46267.5 46242.5 46867.5 49401.5 45625.5 45095.5 45129.5 45672.5 46399.5 46073.5 46487.5 47075.5 47686.5 48304.5 45894 45801 45863 53074 52868 52826 50191 49566 48942 48321 48296 49282 50347 52451 52209 51086.5 50506.5 50110.5 50400.5 49976.5 50407.5 -9999 48119.5 47947.5 48160.5 48619.5 49167.5 51035 50570 50225 50095 50236 50587 52691 -9999 -9999 -9999 53946 -9999 54972 55263 -9999 -9999 55497 55730 56026 56375 59400 -9999 59281 66823 66284 65770 65291 64863 64509 64259 64145 60648 60056 59499
46658.5 46647.5 48934.5 48777.5 49005.5 45657.5 45672.5 47458.5 46960.5 46024.5 46466.5 47063.5 47678.5 48298.5 46500 53439 52947 52534 52262 52203 52381 49709 49542 48958 48739 49464 50011 51977 51607 51625 50941.5 50731.5 50875.5 51278.5 50847.5 -9999 48694.5 48572.5 48704.5 -9999 49492.5 51453 51072 50812 50720 50819 51085 -9999 -9999 53656 53981 -9999 54827 55315 55887 -9999 55952 56094 70438.5 70407.5 70128.5 70203.5 70346.5 67137 66554 65982 65426 64897 64408 63985 63671 63521 62970 62758 59933
47246.5 49084.5 48494.5 48156.5 48607.5 49206.5 48996.5 47361.5 46754.5 46664.5 47262.5 47882.5 47862.5 48440.5 53731 53143 52578 52064 51677 51584 51854 52322 50547 49952 49527 49730 50655 51705 51104 51149 51754 52375 51448.5 51740.5 51762.5 -9999 51716.5 52015.5 49292.5 -9999 49921.5 51939 51622 51416 51345 -9999 -9999 -9999 52354 54224 -9999 54855 -9999 -9999 -9999 -9999 -9999 -9999 69817.5 69782.5 69505.5 69589.5 69749.5 67202 66605 65753 65162 64584 64032 63525 63115 62899 62979 62148 62162
49706.5 49097.5 48518.5 48205.5 48628.5 49217.5 48677.5 48115.5 47948.5 47661.5 48208.5 48812.5 49428.5 50048.5 53600 52980 52363 51755 51185 50983 51472 52069 50810 50363 50171 49805 50177 51196 51335 51363 51853 52437 52195.5 51660.5 51215.5 -9999 51147.5 51561.5 52084.5 -9999 53242.5 61241.5 61008.5 60884.5 -9999 -9999 -9999 52478 62522.5 -9999 -9999 -9999 55733 -9999 -9999 -9999 -9999 -9999 69198.5 69157.5 68881.5 68978.5 69160.5 69417.5 66446 65834 65227 64629 63777 63188 62645 62283 62430 61578 61609
-9999 -9999 48977.5 48827.5 48764.5 48985.5 48935.5 48310.5 48160.5 47978.5 48595.5 48808.5 49425.5 50045.5 53598 52977 52359 51748 51171 50961 51463 52064 51240 51040 50613 50710 51224 50763 51348 52332 52733 53284 51999.5 51387.5 50798.5 -9999 50688.5 51267.5 51876.5 52493.5 53113.5 -9999 -9999 -9999 -9999 -9999 -9999 -9999 -9999 62417.5 -9999 63947.5 -9999 -9999 -9999 -9999 -9999 68731.5 68580.5 68532.5 68259.5 68372.5 -9999 68874.5 66369 65745 65121 64498 63877 63259 62652 61817 62141 61468 61749
-9999 -9999 -9999 48462.5 48143.5 48572.5 49112.5 48657.5 48324.5 48548.5 48832.5 49437.5 50053.5 50673.5 53724 53134 52566 52048 51654 51559 51835 52308 52858 51485 51588 51272 51563 51370 52063 51913 52538 53163 51991.5 51376.5 50777.5 50326.5 50664.5 -9999 -9999 -9999 -9999 -9999 -9999 -9999 -9999 -9999 -9999 -9999 -9999 -9999 63063.5 -9999 -9999 69689.5 -9999 -9999 -9999 -9999 -9999 -9999 -9999 -9999 -9999 68357.5 68552.5 65757 65136 64517 63901 63294 62714 62318 62938 63330 62133
-9999 -9999 -9999 -9999 48118.5 48562.5 49158.5 49142.5 48754.5 48857.5 49331.5 49901.5 50499.5 51108.5 53963 53425 52930 52513 52238 52178 52359 52717 53180 52471 52102 52444 52106 52871 52421 52355 52748 53293 52174.5 51631.5 -9999 50947.5 -9999 -9999 -9999 -9999 -9999 -9999 -9999 -9999 -9999 -9999 -9999 -9999 -9999 -9999 -9999 -9999 -9999 -9999 -9999 68336.5 -9999 -9999 -9999 -9999 -9999 -9999 -9999 67878.5 67941.5 67857.5 66935 66387 65883 63969 -9999 62780 62498 63034 62747
-9999 -9999 -9999 -9999 -9999 -9999 -9999 -9999 -9999 49419.5 49735.5 50197.5 50728.5 51293.5 54295 53813 53388 53052 52844 52801 52933 53213 53600 52964 -9999 -9999 54431 53841 53377 53793 54128 54691 -9999 -9999 -9999 -9999 -9999 -9999 -9999 -9999 -9999 -9999 -9999 -9999 -9999 -9999 -9999 -9999 61296.5 -9999 -9999 62839.5 63414.5 69026.5 -9999 -9999 67452.5 67041.5 -9999 66657.5 66402.5 -9999 66995.5 67457.5 67336.5 67233.5 67217.5 -9999 -9999 -9999 -9999 -9999 -9999 -9999 -9999
-9999 -9999 -9999 -9999 -9999 -9999 -9999 -9999 -9999 -9999 -9999 -9999 -9999 61421.5 -9999 54267 53902 53624 53458 53425 53529 53756 54083 56271 55648 55027 54409 53803 53287 53476 -9999 -9999 -9999 -9999 -9999 -9999 -9999 -9999 -9999 -9999 -9999 -9999 58692.5 58067.5 58042.5 58883.5 60126.5 60413.5 60891.5 61442.5 62024.5 62621.5 65782.5 68804.5 68210.5 67629.5 -9999 -9999 -9999 66033.5 65796.5 66112.5 66584.5 67038.5 -9999 -9999 -9999 -9999 -9999 64750 64141 64072 -9999 63792 64160
-9999 -9999 -9999 -9999 -9999 -9999 -9999 -9999 -9999 -9999 -9999 -9999 -9999 -9999 -9999 -9999 -9999 54214 54076 54049 54134 54325 54605 56378 55780 55196 55175 -9999 -9999 -9999 -9999 -9999 -9999 -9999 -9999 -9999 54340.5 54097.5 54201.5 54601.5 56585.5 56726.5 58879.5 58446.5 58848.5 58829.5 59536.5 60048.5 60650.5 61694.5 63096.5 64967.5 65227.5 66092.5 68056.5 67440.5 66830.5 66234.5 -9999 -9999 -9999 -9999 -9999 -9999 -9999 -9999 65967.5 66107.5 68100.5 64855 64365 64325 64789 65366 -9999
-9999 -9999 50470.5 50714.5 -9999 -9999 -9999 -9999 -9999 -9999 -9999 -9999 -9999 -9999 -9999 -9999 -9999 -9999 -9999 54673 54746 54909 57168 56592 56559 55985 -9999 -9999 -9999 -9999 -9999 -9999 -9999 -9999 -9999 56390.5 53945.5 53485.5 53727.5 56201.5 55960.5 56201.5 56699.5 60883.5 60267.5 59875.5 59763.5 60313.5 61765.5 62220.5 64205.5 64386.5 65255.5 65558.5 68023.5 67399.5 66776.5 66154.5 65538.5 65087.5 65023.5 65628.5 66249.5 66191.5 65676.5 65365.5 65342.5 -9999 67666.5 67246.5 67001.5 67382.5 67869.5 68447.5 69499.5
-9999 -9999 50865.5 52025.5 -9999 -9999 -9999 -9999 -9999 -9999 -9999 -9999 -9999 -9999 -9999 -9999 -9999 -9999 -9999 -9999 -9999 -9999 -9999 -9999 -9999 -9999 -9999 -9999 -9999 -9999 -9999 -9999 -9999 56808.5 56216.5 55712.5 53955.5 53509.5 54287.5 55900.5 55335.5 55900.5 56524.5 61102.5 60645.5 60356.5 60103.5 60902.5 61360.5 61947.5 63591.5 63833.5 64695.5 65066.5 68489.5 67514.5 66926.5 66371.5 65905.5 65708.5 65492.5 65887.5 66420.5 66020.5 65397.5 64795.5 64717.5 -9999 64990.5 66937.5 66573.5 67121.5 67741.5 68702.5 68962.5
-9999 -9999 -9999 51560.5 -9999 -9999 -9999 58484.5 -9999 -9999 -9999 -9999 -9999 -9999 -9999 -9999 -9999 -9999 -9999 -9999 -9999 -9999 -9999 -9999 -9999 -9999 -9999 -9999 -9999 -9999 59290.5 58987.5 -9999 56585.5 56190.5 55757.5 54805.5 54225.5 54260.5 54774.5 55835.5 56113.5 56643.5 61153.5 60737.5 60783.5 61002.5 60770.5 61305.5 62967.5 62991.5 63863.5 64184.5 64647.5 67960.5 67655.5 67509.5 67388.5 67091.5 66978.5 66085.5 66348.5 66855.5 66118.5 65565.5 65194.5 65233.5 64956.5 65107.5 65930.5 66517.5 66832.5 67820.5 68102.5 68535.5
-9999 -9999 -9999 -9999 -9999 -9999 -9999 58317.5 -9999 -9999 58439.5 -9999 -9999 -9999 -9999 -9999 -9999 -9999 -9999 -9999 -9999 -9999 -9999 -9999 -9999 -9999 63614 -9999 60008.5 59419.5 -9999 58417.5 -9999 57558.5 56422.5 56825.5 54742.5 54650.5 54650.5 55101.5 56845.5 57364.5 61595.5 60970.5 60346.5 60445.5 61461.5 61360.5 62951.5 62409.5 62681.5 63305.5 63782.5 64990.5 67489.5 67093.5 66887.5 66783.5 66550.5 66355.5 66633.5 66341.5 66231.5 66393.5 66025.5 67321.5 66726.5 66098.5 65628.5 65523.5 66343.5 66825.5 67272.5 67794.5 68782.5
-9999 -9999 -9999 -9999 52863.5 -9999 54830.5 57145.5 56588.5 56485.5 57004.5 57605.5 58219.5 58839.5 -9999 -9999 -9999 -9999 -9999 -9999 -9999 -9999 -9999 63903 64111 62930 63004 -9999 59906.5 59281.5 -9999 -9999 57794.5 57122.5 57735.5 55762.5 55374.5 55272.5 55148.5 56433.5 56097.5 56624.5 57231.5 61182.5 60783.5 60826.5 61264.5 61978.5 -9999 62428.5 62751.5 63000.5 64130.5 64540.5 66730.5 66606.5 66271.5 66222.5 66179.5 65750.5 66344.5 65795.5 65607.5 65875.5 67487.5 67686.5 67090.5 67090.5 66322.5 66041.5 66575.5 67017.5 67895.5 68221.5 69113.5
-9999 -9999 -9999 55675.5 55073.5 54510.5 54206.5 54572.5 56572.5 56465.5 56995.5 57599.5 58216.5 58836.5 64276.5 64079.5 64000.5 64049.5 64743.5 64320.5 63757 63407 63235 63297 63571 62305 62403 -9999 60297.5 -9999 -9999 -9999 58173.5 57681.5 57999.5 58519.5 55975.5 56609.5 56204.5 55669.5 56185.5 57276.5 57660.5 61028.5 61384.5 61408.5 61798.5 61734.5 63311.5 63170.5 63239.5 63643.5 63691.5 64308.5 66126.5 66029.5 65731.5 66043.5 65978.5 66206.5 65516.5 65441.5 64996.5 65564.5 66882.5 66720.5 67280.5 67280.5 -9999 66481.5 66780.5 67445.5 69296.5 68891.5 69422.5
