lus_demo/data/Current_situation/Thematic_maps/Accessibility/rsmainp.asc
ncols         540
nrows         650
xllcorner     10000
yllcorner     300000
cellsize      500
NODATA_value  -9999
[rows 363 to 395 of 650, columns 300 to 374 of 540]
77193 77601 79403 78788 78240 78549 78725 79287 79306 80455 80769 81306 83773 83383 83811 83639 84109 84699 87515 86937 86660 87115 87709 89653 89028 88405 88504 88520 89052 88978 88843 89468 90993 91513 92704 92245 91927 92281 93013 93379 94141 94368 95268 95303 95522 96508 97114 97498 97672 98198 98628 99552 99781 100423 100904 101345 -9999 102898 105746 104676 104306 -9999 104475 104968 105952 106083 107217 107015 107970 108326 109725 110316 110168 112369 111941
76723 77284 79458 78883 78470 78679 79222 -9999 80468 79970 80568 81192 83420 82916 82624 83211 82960 83158 87812 87405 87275 88837 88804 89136 89204 88783 87691 88453 88280 88748 89092 89471 90368 90900 91538 92013 91950 92491 92983 93718 93782 94631 94978 95370 96067 97023 97273 97899 97981 -9999 -9999 102318 102359 103122 103867 -9999 104643 -9999 -9999 104898 104903 105399 -9999 105092 105919 106144 107025 107203 107598 108823 109196 111602 111173 111366 111631
76613 77224 79038 78937 79085 79189 79562 81273 80786 -9999 -9999 82184 81873 82984 82083 82576 82335 82740 83333 89185 88600 88228 88253 88812 87917 87398 87484 87366 88050 88678 89040 89430 89868 90377 90983 91760 91981 -9999 92986 94294 96758 95619 95420 95848 96453 98128 97884 100610 100994 100685 101422 102463 102493 102956 103452 103878 104193 104224 -9999 104451 104840 104840 105826 106148 -9999 106902 106916 107846 -9999 109157 109319 109852 110934 111353 111655
76878 79253 78731 78321 78718 79649 80017 81668 81323 81203 82528 -9999 81303 81658 81877 82268 82142 82751 83339 83997 88578 88178 88084 88591 86528 86357 86823 87058 88489 88922 89676 89653 90206 -9999 -9999 -9999 92484 93510 97052 96563 96165 -9999 95595 95927 98421.5 -9999 -9999 99756 99935 100915 101328 103037 103709 105725 105391 105053 104743 104899 105018 104894 104836 105001 105435 106042 106713 -9999 107487 109906 109286 108802 109077 109717 110179 110960 112407
78021 77606 78545 78025 78898 79134 79649 80412 80364 80529 -9999 82073 -9999 81372 81692 82198 81490 81959 83592 83373 83999 88613 88330 88694 86349 86016 86923 87527 87858 89544 -9999 89665 89768 90868 91337 93355 93298 94915 94576 96292 95867 95254 96821 97397 97888 -9999 99471 99399 100673 100697 102423 102674 106338 105713 105093 104948 105065 104825 104778 104776 104927 105607 105745 106538 106512 -9999 108369 110156 109829 109425 109462 109578 110807 110589 111203
77815 77191 77216 78724 78320 78886 79510 79817 79744 80522 80694 82533 82159 -9999 -9999 -9999 81412 82064 83333 82837 83390 83988 88954 89149 86742 86603 -9999 87722 88338 90577 89955 89350 89538 90249 90737 92855 92725 94634 94036 95975 95290 95615 95553 96075 98036 98509 98985 100355 100426 101710 101801 102366 106117 105498 105170 104703 104591 104700 105182 105021 105264 105625 -9999 107093 107042 107628 -9999 110708 110101.5 109568 109465 109723 110394 111103 112325
77993 77561 77572 77873 78326 78989 79249 78952 79135 79899 80185 80694 82603 82356 -9999 81664 81850 -9999 -9999 83423 -9999 84189 84726 87616 87305 87223 87708 88285 88903 90748 90226 89878 90579 90274 90931 91980 92786 93289 94339 94456 95280 95422 96128 96160 96688 99096 99534 100944 102491 102061 102248 102553 106163 105553 105003 104928 104691 104721 105078 105691 105597 106392 106403 107618 107696 107411 107992 -9999 109985 109404 109495 110048 110570 111715 112690
76633 78151 78510 78326 78229 78448 78986 78369 78820 79301 80279 80751 81828 82547 81923 81387 81629 82243 84164 -9999 84499 85413 85553 -9999 -9999 91976 88323 88504 91603 91109 90709 90489 91038 91265 91418 92025 92507 93663.5 94943 95003 95879 97500 96904 96971 97573 99712 100137 101558 102923 103680 103238 103174 103558 105502 105060 104424 104933 105266 106473 105868 106147 106666 106808 107577 107814 107754 107755 108193 -9999 109717 110040 110272 110696 112123 112532
77075 79375 78928 78827 79021 78867 78379 77904 78219 79959 80007 80944 81186 81944 82094 81715 81945 82506 84023 84782 -9999 84788 -9999 -9999 91139 91474 91956 90168 90296 91578 93239 92672 92188 91990 91459 91531 92149 92752 95561 95601 98179 97597 97123 97165 97664 99503 99583 99952 104108 103483 102859 102710 103333 105845 104871 104643 105430 105564 106060.5 106464 107484 106921 107084 108025 107771 107505 107443 -9999 -9999 109241 109453 110777 112142 111683 111253
77599 79806 79678 79421 79564 79482 78409 77976 78256 81030 80449 80309 80834 81480 81341 81499 81846 82418 83438 83464 83912 84245 -9999 -9999 90591 91105 89602 89546 89717 90951 92714 92489 91866 91388 91433 91356 91972 92596 93898 98209 97686 97268 97493 97727 99417 98900 99069 99618 104210 103641 103174 103104 103514 104603 103981 104229 106041 106148 106441 107084 107804 107484 107554 108407 108035 107481 107368 107846 108650 108848 109358 109983 111539 111404 111451
77794 78249 80224 80405 80159 79270 78823 78594 78728 80698 80077 79859 80473 81443 81498 81595 81748 82520 83159 83206 84154 84863 90775 90578 89940 90464 89013 88925 89183 90326 90549 91877 91345 91473 91973 92164 92583 93025 93584 97995 97388 96813 96869 97195 99304 98781 98984 99576 100192 104050 103743 102997 102710 103016 103307 103753 106013 106176 106573 107140 108305 108098 108580 107956 107672 107564 107712 108253 109194 -9999 109758 110422 111026 111190 111634
77373 79846 79564 79389 79335 79500 79366 79217 79303 80830 80340 80230 80637 81998 81843 81415 81859 82780 82889 83661 84775 84906 91215 90133 89421 88873 88845 88320 88778 89703 90011 91895 91386 91940 91774 92113 92213 92838 93463 97974 97358 96757 96345 97148 99650 99397 99448 99853 101601 101259 102382 101941 102113 102496 103283 103743 105836 105880 106450 107068 107691 109338 108790 107910 107588 107254 107831 109005 109418 110365 -9999 110471 111383 111466 112006
77100 79361 78988 78797 78715 78958 79398 79842 81691 81221 80895 80837 82814 82265 81726 81651 82330 83380 83435 84254 84518 92080 90446 89872 89578 88675 88630 87933 89567 89098 89670 92655 92050 91729 92264 92297 92093 92686 93568 94056 97611 97163 96970 97569 98008 100021 100158 99908 101232 100717 100595 101726 102155 102022 102474 103098 105425 105910 106535 107160 107785 108852 108635 108117 107632 107650 108424 108561 109950 110210 111306 -9999 112228 111989 112566
77058 78988 78477 78269 78105 78528 79587 80063 82869 82629 82619 82843 82608 81984 81373 81862 82133 82756 83381 84273 85058 91267 90747 90339 90198 87788 87215 87720 88164 89587 89849 90388 92471 92333 92573 92122 92013 92685 93213 93811 95977 95765 96212 96923 99413 99260 99728 99302 99435 100531 100330 101146 101388 102019 102515 103061 105804 106349 106740 107287 109096 108506 107969 107683 107969 109141 108692 109694 109338 109860 110854 113083 112657 112557 112873
77839 78210 77698 77593 77845 78708 79211 79804 82381 82028 82012 82345 83588 82623 82067 82477 82491 82949 83509 84101 89738 89268 88909 88745 88592 88093 89198 89072 88478 90209 90346 92281 92058 92281 92502 91934 92027 92566 94683 95130 95527 95145 95623 96410 98963 98639 99075 99013 99239 100964 102179 101745 101893 102264 102729 103179 106392 106955 107197 107618 109022 108398 107776 107233 107776 108398 109288 109845 109546 109986 110595 111217 -9999 113173 113373
77309 78135 77538 77513 78621 78703 79320 79944 82060 81498 81462 82012 83333 82727 82573 83002 83623 84248 84873 85498 89429 88870 88386 88122 88279 89373 88748 88728 89334 89956 92553 91935 91433 91935 92862 95235 94618 94036 94298 95483 95339 94765 95353 96426 97959 98333 98816 99565 99659 102907 102380 102150 102198 102755 103341 103630 -9999 104535 104753 107266 106915 106558 108093 107858 108093 108584 110719 110309 110328 110276 110725 111297 113837 -9999 113939
76941 78383 77966 77900 78607 78878 79493 80049 82212 81614 81508 82090 83420 82906 82809 -9999 -9999 84400 84979 92404 92588 88656 88042 87512 87874 -9999 -9999 -9999 -9999 90125 92637 92088 91783 92638 92439 93749 93190 94778 94908 95158 96088 95473 95842 95768 97937 98131 99175 100180 100235 103140 102526 101948 101908 102998 103357 103521 103773 104017 104189 106650 107067 106031 105907 106388 108621 108976 111673 111206 110894 110867 111143 113293 113390 114854 114765
77001 77583 78549 79410 79026 79155 79644 80220 -9999 -9999 -9999 -9999 -9999 -9999 -9999 -9999 -9999 -9999 -9999 -9999 -9999 -9999 -9999 -9999 -9999 88547 -9999 -9999 -9999 96582 92968 92571 92408 92995 92909 93900 93554 94629 94093 94704 96268 96494 97089 96661 98013 97931 98385 98962 101715 101225 101922 101391 101443 102526 102838 103143 103188 103416 103759 106054 106608 106329 105784 106336 107948 108393 108924 111720 111499 113265 112853 112668 112816 114269 114141
77428 77868 80288 79867 79638 79707 80036 86123 -9999 -9999 -9999 -9999 -9999 88342 84022 84897 89421 91947 91437 -9999 91339 91636 91903 -9999 88496 -9999 -9999 -9999 -9999 -9999 -9999 -9999 -9999 93565 93518 94368 94177 94925 97412 97041 98268 97100 97254 -9999 -9999 97681 98552 99765 101476 100875 100342 100908 100765 101258 102340 102266 102739 103537 104873 105768 105781 105833 106381 107095 107527 108791 109503 111457 113548 112948 112388 112044 112328 113741 113516
76591 85250 -9999 -9999 -9999 -9999 -9999 -9999 -9999 85808 85862 -9999 -9999 87736 88064 88714 88834 91779 91155 90553 90726 91029 91557 92351 92939 93800 96014 95411 95039 95499 96085 98043 97803 -9999 -9999 -9999 94801 98779 98246 98028 98404 98965 97757 97624 98374 98640 98905 100892 100994 100859 100306 100355 100767 102443 102260 102745 103227 103796 104250 104721 106018 106809 106876 106913 107921 108620 109405 110837 112801 112878 112262 111747 112190 113268 112910
-9999 -9999 -9999 -9999 -9999 -9999 -9999 84785 85381 85198 85270 86393 86376 87181 88396 88091 88307 91758 90962 90271 90085 90592 91048 91734 92331 93177 93377 95495 95214 -9999 96129 97576 97198 97748 97674 98098 -9999 -9999 -9999 98647 98858 99279 100720 100101 99494 98760 99337 100281 100979 101968 102465 101624 101086 102360 102128 104656 103716 104076 105439 105478 106274 106694 107070 107722 107753 108525 109553 110222 111408 111918 111648 111969 112643 112913 113157
84217 84063 84514 84652 84916 81770 83863 84202 84384 84975 84940 85874 87076 86740 88163 87539 88038 91166 90927 90155 90171 90713 92182 91930 92055 92611 93085 93902 94046 94684 95310 96641 96716 97614 97324 97941 98470 -9999 -9999 -9999 -9999 -9999 100764 100167 99624 99415 100669 100144 100448 101624 101327 102200 101785 104256 103753 104708 107048 106448 105935 106049 106659 107295 107632 108555 108119 108339 109040 109635 110874 110726 111098 111890 112344 113308 -9999
84370 83559 84263 82844 84813 84243 83843 83395 83692 84658 84735 85332 86295 86276 88413 88116 88325 90759 90374 91255 90678 90948 92388 92519 92633 93152 93358 94259 94417 94729 95100 96242 96072 97861 97375 97619 98230 100124 99820 99990 101422 101475 -9999 -9999 -9999 -9999 101021 100743 101003 102039 101760 102333 102382 104631 104336 105258 107190 106782 106922 106500 112336 112163 112336 -9999 108824 108953 109618 109497 110694 110450 111531 112466 112968 -9999 -9999
84107 83931 84015 82893 82154 81966 83256 82970 83989 84273 85242 85867 86381 86365 86883 90182 89706 89668 90853 91766 92110 92235 92927 93084 93133 93775 95679 95157 95402 95679 95633 96515 96429 98075 97651 97799 98320 99853 99243 99654 100820 100923 101871 102188 102974 -9999 101542 -9999 -9999 102548 102383 102588 104666 104166 103941 104218 107102 106757 106895 107368 -9999 -9999 -9999 -9999 -9999 -9999 110104 110053 111163 110945 111579 112018 -9999 -9999 121584
84430 84534 83716 83518 82630 82557 83634 83516 83847 84761 86684 86486 86936 86929 87247 90055 89439 89368 89981 92285 91662 91936 92867 93441 93726 97103 96618 95269 95470 96027 96242 97076 98969 98906 98259 98333 100734 100124 99684 100172 100505 100693 101304 102100 103100 104022 104099 -9999 -9999 -9999 -9999 103140 -9999 103878 103335 104758 105574 106242 106566 -9999 -9999 111338 111785 -9999 -9999 -9999 -9999 112030 111622 -9999 112196 112428 -9999 121703 -9999
84941 85151 84270 84143 83225 83179 84200 84132 84337 85335 87248 87767 87542 87537 91250 90626 90007 89815 90427 92516 92366 92165 92754 93373 97553 96928 96304 95860 96478 97103 99556 98963 98435 98306 99484 99436 100293 100505 100308 101370 101046 101570 101766 101868 102491 103416 103651 104129 105341 -9999 -9999 -9999 104643 104130 104120 104697 105210 105873 -9999 106721 110611 111963 -9999 112553 -9999 113573 -9999 -9999 -9999 114916 112820 112970 -9999 121631 -9999
85512 85773 84861 84768 83869 83803 84801 84754 84900 85935 86158 93180 92727 92413 92338 90844 90408 90329 90685 93827 93386 93543 93047 93559 97530 97068 96561 96359 96688 97226 99510 98892 98290 98099 98718 99468 -9999 100435 102000 101690 101550 103003 102210 102284 102595 103201 103403 105903 104740 -9999 105907 -9999 -9999 104945 105030 104600 105023 105665 -9999 110648 110063 110238 112505 111880 111755 112823 113378 -9999 -9999 115252 115560 -9999 -9999 -9999 121253
83921 86338 88649 88204 87861 87679 87710 87943 88320 88785 92407 92867 92309 91851 91721 92014 91573 91713 92239 93908 93295 93608 94152 97281 96926 96935 98317 98053 98547 98866 99390 99153 98742 99138 99533 99180 99736 101830 101398 102131 102149 103364 102691 102848 103415 103802 103872 106065 105322 105390 105904 106675 107158 -9999 107623 105258 105675 -9999 108900 -9999 -9999 110415 110931 112245 112277 -9999 112905 113802 -9999 -9999 -9999 116192 -9999 118902 119208
83617 88863 88297 87770 87325 87062 87109 87437 87912 88453 91991 91524 92108 91486 91173 91900 91341 91556 92162 94093 93731 94134 94609 96977 96400 96420 98053 97433 97994 98848 99407 100492 99924 100092 99935 99781 100064 101702 101102 101211 101751 103238 103513 103988 103843 103936 105806 105800 105617 105710 106778 106133 106605 106821 -9999 -9999 -9999 107489 108423 108673 109314 109829 111731 113140 112711 112281 113113 113361 114920 114888 -9999 116564 116854 118579 -9999
83450 88540 88045 87472 86901 86463 86555 87055 87639 88244 91704 91128 90645 90559 91643 91937 91907 92379 92735 95059 94486 94206 94639 97033 96525 96540 98299 98028 98468 98770 99863 -9999 100330 100632 100550 100405 100575 101979 101772 101695 104225 104693 103586 103514 104093 104912 105276 105911 106465 -9999 107054 106993 106998 107113 107005 106785 106720 107460 107537 108198 109910 110191 111157 111088 112743 112356 112700 115578 115131 115012 116120 115980 116629 117560 117188
83454 88243 87678 87171 86648 86172 86334 86948 87570 92241 91617 90993 90372 90202 90818 92676 92057 91865 92477 93100 94958 94824 95053 97406 97093 97100 98807 99984 99362 99069 100375 101163 101593 101227 101171 101325 102862 102655 102316 104771 104450 104791 103602 103513 104315 104615 105794 105798 107094 107305 107105 107470 107088 107046 107175 106967 106974 107147 107798 107703 108379 109408 110772 110573 111135 111570 112483 112636 113603 113635 115855 115793 116033 116275 117138
87400 87238 87471 86858 86288 86178 86581 87180 87727 90092 91757 91206 -9999 -9999 91066 93410 92503 92253 92878 94246 95533 95447 95596 97794 97702 97707 100740 100704 100083 99528 100353 100725 101310 102069 101795 105954 105509 105186 105109 105241 105075 105253 104598 104405 106473 107046 106354 105482 106493 106810 107801 107938 107822 107198 107993 107518 107471 107565 107881 108117 108495 108910 110095 110968 111006 111486 112247 112483 113511 113550 114391 115195 115810 116198 116698
86843 86619 86646 86906 -9999 86420 86920 89141 89247 89591 92214 -9999 91349 -9999 -9999 93140 93020 93320 93374 93959 95757 95668 95928 97171 97373 97773 99488 100892 100399 100641 100296 100766 101384 102007 106073 105531 105075 104630 104492 105367 105703 106710 108124 107538 106858 106540 105997 106276 106957 106903 107270 107875 107808 107814 107895 108230 108002 108636 108259 108543 108946 109214 109674 110239 110434 111505 112819 112918 -9999 -9999 -9999 114779 116384 116649 -9999
