lus_demo/data/Current_situation/Thematic_maps/Residential/AttractivitySurroundings.asc
ncols         540
nrows         650
xllcorner     10000
yllcorner     300000
cellsize      500
NODATA_value  -9999
[rows 504 to 566 of 650, columns 288 to 383 of 540]
73 72 72 70 69 67 65 62 60 59 59 59 61 63 67 70 73 75 76 75 73 70 67 63 59 56 54 53 52 53 54 56 57 60 62 65 67 68 69 69 68 66 63 60 57 54 52 50 49 48 49 49 50 52 54 56 57 59 61 62 63 63 64 64 64 63 63 62 62 62 62 62 63 63 64 64 63 63 62 61 60 59 58 58 57 57 57 57 58 59 60 62 63 64 64 64
71 71 71 70 69 67 65 64 62 61 61 62 63 66 69 72 74 76 77 77 75 72 68 64 61 58 56 55 54 54 54 55 57 59 61 64 66 68 69 70 69 67 65 62 59 56 53 51 49 48 48 48 49 50 52 54 56 58 59 60 61 62 62 63 62 62 62 61 61 61 61 62 62 62 63 62 62 61 60 59 58 57 56 55 55 56 56 57 59 60 62 64 65 66 66 65
70 70 69 69 68 67 66 65 65 64 64 65 67 69 71 74 77 78 79 78 77 74 70 67 63 61 58 57 56 55 55 55 56 58 60 63 65 68 70 70 70 69 67 64 61 58 55 53 50 49 48 48 48 49 50 52 54 56 57 59 60 60 61 61 61 61 60 60 60 61 61 61 62 62 62 62 61 60 59 58 56 55 54 54 54 55 56 58 60 62 64 66 67 68 68 67
68 68 68 68 68 68 68 67 67 67 68 69 70 72 74 76 79 80 80 80 78 75 72 69 66 63 61 59 57 56 56 55 56 57 59 62 65 67 70 71 71 70 69 66 63 60 57 54 52 50 48 47 47 48 49 51 52 54 56 57 58 58 59 59 59 59 59 59 60 60 61 62 62 63 63 62 61 60 59 57 55 54 54 53 54 55 57 59 61 64 66 68 69 70 69 68
66 66 67 67 68 68 69 69 70 70 71 72 73 75 77 79 80 81 82 81 79 77 74 71 68 65 63 61 59 57 56 55 55 56 58 61 64 67 69 71 72 72 70 68 65 62 59 56 53 51 49 47 47 47 48 49 51 52 54 55 56 57 57 58 58 59 59 59 60 61 62 63 63 64 64 63 62 61 59 58 56 55 54 54 55 57 58 61 63 66 68 69 70 71 70 69
64 65 65 66 67 69 70 70 71 72 73 74 75 77 78 80 82 82 82 82 80 78 76 73 70 67 65 63 61 58 57 55 55 56 57 59 63 66 69 72 73 73 72 70 67 64 61 58 54 52 49 48 47 46 47 48 49 51 52 53 55 55 56 57 58 59 59 60 61 62 63 64 65 65 65 65 64 63 61 59 58 56 56 56 58 59 61 63 65 68 69 70 71 71 70 68
63 64 65 66 67 69 70 71 72 73 74 75 76 78 79 81 82 83 83 82 81 79 76 74 71 68 66 64 62 59 57 55 54 55 56 58 62 65 69 72 73 74 73 71 69 66 62 59 55 52 50 48 46 46 46 47 48 49 51 52 54 55 56 57 58 59 60 61 63 64 65 66 67 67 67 67 66 65 63 62 60 59 59 60 61 62 64 66 68 69 70 71 71 70 69 67
62 63 65 66 67 69 70 71 72 73 74 75 76 78 79 81 82 83 83 82 81 79 77 74 71 69 67 65 62 60 57 55 54 54 55 58 61 64 68 71 73 74 73 71 69 66 62 59 55 52 49 47 46 45 45 46 47 49 50 52 53 55 56 58 59 60 62 63 64 66 67 68 69 70 70 69 69 68 66 65 64 63 63 63 64 65 67 68 69 70 70 70 70 69 68 66
62 63 65 66 67 68 69 70 71 72 73 75 76 77 79 80 82 82 83 82 80 79 76 74 71 69 67 65 62 60 57 55 54 54 55 57 60 64 67 70 72 73 72 71 68 65 62 58 55 51 49 46 45 44 44 45 47 48 50 52 54 55 57 59 60 62 63 65 66 68 69 70 71 71 72 71 71 70 69 68 67 67 67 67 68 68 69 70 70 70 70 69 68 67 66 64
62 64 65 67 68 68 69 70 71 71 72 73 75 76 78 79 81 82 82 81 80 78 76 73 71 69 67 64 61 59 57 55 54 54 55 57 60 63 67 69 71 71 70 69 66 63 60 56 53 50 47 45 44 43 44 45 46 48 50 52 55 57 59 60 62 63 65 66 68 69 70 72 72 73 73 73 73 72 71 71 70 70 70 70 70 71 71 71 71 70 69 68 66 65 64 62
63 65 66 67 68 68 69 69 70 70 71 72 73 75 0 0 0 0 0 81 79 77 75 72 70 68 66 63 61 59 57 55 54 54 55 57 60 63 66 68 69 69 68 66 63 60 57 54 51 48 45 44 43 43 43 44 46 48 51 53 56 58 60 62 64 65 66 68 69 70 71 73 73 74 74 74 74 74 73 73 73 73 72 72 72 72 72 71 70 69 68 66 64 63 61 59
64 65 66 67 68 68 68 69 69 69 70 71 72 73 0 0 0 0 0 0 0 76 73 71 68 66 64 62 60 58 57 55 55 55 56 58 60 62 64 66 66 66 64 62 59 56 53 50 48 45 43 42 42 42 43 44 46 49 52 55 58 60 62 64 65 66 68 69 70 71 72 73 74 74 74 74 74 74 74 74 74 74 73 73 73 72 72 71 69 68 66 64 63 61 59 57
65 66 67 68 68 68 68 68 68 68 69 69 70 0 0 0 0 0 0 0 0 74 72 69 67 64 63 61 59 57 56 55 55 55 57 58 60 61 63 64 63 62 60 58 55 52 49 47 44 43 41 41 40 41 43 45 47 50 53 56 59 62 64 65 66 68 68 69 70 71 72 73 73 74 74 74 74 74 74 73 73 73 73 72 72 71 70 69 68 66 65 63 61 59 58 56
66 67 67 68 68 68 68 68 68 68 68 0 0 0 0 0 0 0 0 0 0 0 70 67 65 63 61 59 58 57 56 55 56 56 57 59 60 61 61 61 60 58 56 53 50 47 45 43 41 40 39 39 40 41 43 45 48 51 55 58 61 63 65 66 67 68 69 70 70 71 71 72 72 73 73 73 72 72 72 72 72 72 71 71 70 69 68 67 66 64 63 62 60 59 57 55
66 67 68 68 68 68 68 67 67 0 0 0 0 0 0 0 0 0 0 0 0 0 0 66 63 61 59 57 56 56 55 56 56 57 57 59 60 60 60 59 57 54 51 48 45 43 41 39 38 37 37 38 39 41 43 46 49 53 56 60 62 65 66 67 68 69 69 70 70 70 71 71 71 71 71 71 71 71 71 71 70 70 69 68 67 66 65 65 64 63 62 61 60 59 57 55
67 67 68 68 68 68 68 68 0 0 0 0 0 0 0 0 0 0 0 0 0 0 0 0 61 59 57 56 55 55 55 56 57 58 59 60 60 59 58 56 54 50 47 44 41 38 37 35 35 35 35 37 39 41 44 47 51 55 58 61 64 66 67 68 69 69 69 69 69 70 70 70 70 70 69 69 69 69 69 69 68 68 67 66 65 64 63 62 62 62 62 61 60 59 58 55
0 68 68 68 68 68 68 0 0 0 0 0 0 0 0 0 0 0 0 0 0 0 0 0 0 57 56 54 54 54 55 56 57 58 59 60 60 59 57 54 51 47 43 40 37 35 33 32 32 33 34 36 39 41 45 48 52 56 60 63 65 67 68 68 68 68 68 68 68 68 68 68 68 68 68 68 68 68 68 67 67 66 64 63 62 61 60 60 61 61 61 61 61 60 58 55
0 0 0 0 0 68 0 0 0 0 0 0 0 0 0 0 0 0 0 0 0 0 0 0 0 0 54 54 54 54 55 56 57 59 60 61 60 59 56 53 49 45 41 37 34 32 31 30 31 32 34 36 39 42 46 50 53 57 61 63 65 67 67 68 67 67 67 67 67 67 67 67 67 67 67 67 67 67 67 66 65 64 62 61 60 59 58 59 59 60 60 61 61 60 59 56
0 0 0 0 0 0 0 0 0 0 0 0 0 0 0 0 0 0 0 0 0 0 0 0 0 0 54 54 54 55 56 57 58 60 61 61 61 59 56 53 49 44 40 36 32 30 29 29 30 31 33 36 39 43 47 51 54 58 61 64 65 66 67 66 66 66 65 65 65 65 65 65 65 66 66 66 66 67 66 66 64 63 61 59 58 57 56 57 58 58 59 60 61 60 59 57
0 0 0 0 0 0 0 0 0 0 0 0 0 0 0 0 0 0 0 0 0 0 0 0 0 0 55 55 55 56 56 58 59 61 62 62 61 60 57 53 49 44 40 36 32 30 29 29 30 31 34 37 40 44 48 52 55 58 61 63 64 65 65 65 64 64 63 63 63 63 63 63 64 64 65 66 66 67 66 65 64 62 60 58 56 55 55 55 56 57 58 59 60 60 59 58
0 0 0 0 0 0 0 0 0 0 0 0 0 0 0 0 0 0 0 0 0 0 0 0 0 0 56 56 57 57 58 59 60 62 62 62 62 61 58 55 50 46 42 37 34 31 30 30 31 32 35 38 41 45 49 52 56 58 61 62 63 63 63 62 62 61 60 60 60 60 60 61 62 63 64 65 66 67 66 65 64 61 59 56 54 53 53 53 54 55 56 58 59 59 59 58
0 0 0 0 0 0 0 0 0 0 0 0 0 0 0 0 0 0 0 0 0 0 0 0 0 0 58 58 59 59 60 61 62 62 63 63 63 62 60 57 53 49 44 40 36 34 32 32 33 34 37 40 43 47 50 53 56 58 60 61 61 61 60 60 59 58 57 57 57 57 57 58 60 61 63 65 66 67 66 65 63 61 58 55 53 52 51 51 52 53 55 56 57 58 59 58
0 0 0 0 0 0 0 0 0 0 0 0 0 0 0 0 0 0 0 0 0 0 0 0 0 0 61 61 61 61 62 62 63 63 64 64 64 63 62 59 56 52 48 44 40 37 36 35 35 37 39 42 45 49 52 54 57 58 59 59 59 58 57 56 55 54 54 53 53 54 55 56 58 60 62 64 66 66 66 65 63 60 57 54 51 50 49 49 50 51 53 54 56 57 58 58
0 0 0 0 0 0 0 0 0 0 0 0 0 0 0 0 0 0 0 0 0 0 0 0 0 0 63 63 63 63 63 63 64 65 65 65 65 65 64 62 59 55 52 48 44 41 39 39 39 40 42 44 48 51 53 55 57 58 58 57 57 56 54 53 52 51 51 50 50 51 52 54 57 59 62 64 65 66 65 64 61 58 55 52 50 48 47 47 48 49 51 53 54 56 57 58
0 0 0 0 0 0 0 0 0 0 0 0 0 0 0 0 0 0 0 0 0 0 0 0 0 0 65 65 65 65 65 65 65 66 66 66 66 66 65 64 62 59 56 52 49 46 44 43 42 43 45 47 50 53 55 56 57 57 57 56 54 53 52 50 49 49 48 48 48 49 51 53 56 58 61 63 64 64 64 62 59 56 53 50 48 46 45 45 46 47 49 51 53 55 56 58
0 0 0 0 0 0 0 0 0 0 0 0 0 0 0 0 0 0 0 0 0 0 0 0 0 0 67 67 67 66 66 66 66 66 67 67 67 68 67 66 64 62 60 57 53 51 48 47 46 47 48 50 52 55 56 57 57 57 56 54 53 51 49 48 47 46 46 46 47 48 50 52 55 58 60 62 63 63 62 60 57 54 51 48 46 44 43 43 46 45 47 49 52 54 56 58
0 0 0 0 0 0 0 0 0 0 0 0 0 0 0 0 0 0 0 0 0 0 0 0 0 0 0 68 68 68 67 67 67 67 68 68 68 69 68 68 67 65 63 60 57 54 52 50 49 49 51 52 54 56 58 58 58 56 55 53 51 49 48 46 45 45 45 45 46 48 50 53 55 58 60 61 62 61 60 57 54 51 48 46 44 42 41 41 42 43 45 48 50 53 55 57
0 0 0 0 0 0 0 0 0 0 0 0 0 0 0 0 0 0 0 0 0 0 0 0 0 0 0 0 69 69 68 68 68 68 68 69 69 69 69 69 69 67 65 63 60 58 55 53 52 52 53 54 56 57 58 58 58 56 54 52 50 48 46 45 45 44 45 45 47 49 51 54 56 58 60 61 61 60 58 55 52 49 46 43 41 40 39 39 40 41 44 46 49 52 54 57
0 0 0 0 0 0 0 0 0 0 0 0 0 0 0 0 0 0 0 0 0 0 0 0 0 0 0 0 0 0 69 69 69 69 69 69 70 70 70 70 70 69 67 65 63 60 57 55 53 53 54 55 56 57 58 58 57 56 54 51 49 47 46 45 44 44 45 46 48 50 52 55 57 59 61 61 60 59 56 53 50 47 44 41 39 38 37 37 38 40 42 45 48 51 54 56
0 0 0 0 0 0 0 0 0 0 0 0 0 0 0 0 0 0 0 0 0 0 0 0 0 0 0 0 0 0 0 0 0 70 70 70 70 71 71 71 71 70 69 67 64 62 59 56 54 54 54 55 56 57 58 58 57 55 53 51 49 47 45 45 44 45 46 48 50 52 54 57 59 60 61 61 60 58 55 52 49 46 42 40 37 36 35 35 36 38 41 44 47 50 53 56
0 0 0 0 0 0 0 0 0 0 0 0 0 0 0 0 0 0 0 0 0 0 0 0 0 0 0 0 0 0 0 0 0 0 0 71 71 71 71 71 71 71 69 68 65 63 60 57 55 54 54 54 56 57 58 57 57 55 53 51 48 47 45 45 45 45 47 49 51 53 56 58 60 61 62 61 60 57 55 51 48 44 41 38 36 34 33 33 35 37 40 43 47 50 53 56
0 0 0 0 0 0 0 0 0 0 0 0 0 0 0 0 0 0 0 0 0 0 0 0 0 0 0 0 0 0 0 0 0 0 0 0 0 0 72 72 72 71 70 68 66 63 60 57 55 54 54 54 55 56 57 57 56 55 53 51 49 47 46 45 45 46 48 50 52 55 57 59 61 62 62 61 60 57 54 51 47 43 40 37 35 33 32 32 34 36 39 43 47 50 53 56
0 0 0 0 0 0 0 0 0 0 0 0 0 0 0 0 0 0 0 0 0 0 0 0 0 0 0 0 0 0 0 0 0 0 0 0 0 0 0 0 72 72 70 69 66 64 60 58 55 54 53 53 54 56 57 57 57 55 54 52 50 48 46 45 46 46 48 50 52 55 57 60 61 62 62 61 59 57 54 50 47 43 40 37 34 33 32 32 34 36 40 43 47 51 54 57
0 0 0 0 0 0 0 0 0 0 0 0 0 0 0 0 0 0 0 0 0 0 0 0 0 0 0 0 0 0 0 0 0 0 0 0 0 0 0 0 73 72 71 69 67 64 61 58 55 53 53 53 54 55 57 57 57 56 55 53 51 49 47 46 46 47 48 50 52 55 57 59 61 62 61 60 59 56 53 50 47 43 39 37 34 33 32 33 34 37 41 45 49 53 56 59
0 0 0 0 0 0 0 0 0 0 0 0 0 0 0 0 0 0 0 0 0 0 0 0 0 0 0 0 0 0 0 0 0 0 0 0 0 0 0 0 73 73 71 70 67 64 61 57 55 53 52 0 0 55 57 58 58 57 56 54 52 50 48 47 46 47 48 50 52 54 56 58 59 59 61 59 58 56 53 50 47 43 40 37 35 34 33 34 36 39 42 47 51 55 58 61
0 0 0 0 0 0 0 0 0 0 0 0 0 0 0 0 0 0 0 0 0 0 0 0 0 0 0 0 0 0 0 0 0 0 0 0 0 0 0 0 0 0 0 0 0 64 61 57 0 0 0 0 0 0 0 59 59 59 57 55 53 51 49 48 47 47 48 49 51 53 54 56 57 58 58 58 57 55 53 50 47 44 41 39 36 35 35 36 38 41 45 49 53 57 61 64
0 0 0 0 0 0 0 0 0 0 0 0 0 0 0 0 0 0 0 0 0 0 0 0 0 0 0 0 0 0 0 0 0 0 0 0 0 0 0 0 0 0 0 0 0 0 0 0 0 0 0 0 0 0 0 0 0 60 59 57 55 52 50 48 47 47 48 49 50 51 53 54 55 56 56 56 56 55 53 53 47 45 42 40 39 38 38 38 40 43 47 52 56 60 63 66
0 0 0 0 0 0 0 0 0 0 0 0 0 0 0 0 0 0 0 0 0 0 0 0 0 0 0 0 0 0 0 0 0 0 0 0 0 0 0 0 0 0 0 0 0 0 0 0 0 0 0 0 0 0 0 0 0 62 60 58 56 54 51 49 48 48 48 48 49 50 51 52 52 53 54 55 55 54 53 51 46 46 44 42 41 40 40 41 43 46 50 54 58 62 65 68
0 0 0 0 0 0 0 0 0 0 0 0 0 0 0 0 0 0 0 0 0 0 0 0 0 0 0 0 0 0 0 0 0 0 0 0 0 0 0 0 0 0 0 0 0 0 0 0 0 0 0 0 0 0 0 0 0 63 62 60 57 55 52 50 49 48 48 48 49 49 49 52 50 51 52 53 55 53 53 51 47 47 46 44 43 43 43 44 46 49 53 56 60 63 66 69
0 0 0 0 0 0 0 0 0 0 0 0 0 0 0 0 0 0 0 0 0 0 0 0 0 0 0 0 0 0 0 0 0 0 0 0 0 0 0 0 0 0 0 0 0 0 0 0 0 0 0 0 0 0 0 0 0 65 63 61 58 56 0 0 50 49 49 48 48 48 48 48 49 49 50 51 51 52 52 51 50 49 47 46 46 46 46 47 49 52 55 58 61 64 67 69
0 0 0 0 0 0 0 0 0 0 0 0 0 0 0 0 0 0 0 0 0 0 0 0 0 0 0 0 0 0 0 0 0 0 0 0 0 0 0 0 0 0 0 0 0 0 0 0 0 0 0 0 0 0 0 0 0 66 64 62 0 0 0 0 0 50 49 49 48 47 47 47 47 49 50 49 50 51 51 51 50 50 49 48 48 48 49 50 52 54 57 60 63 65 67 69
0 0 0 0 0 0 0 0 0 0 0 0 0 0 0 0 0 0 0 0 0 0 0 0 0 0 0 0 0 0 0 0 0 0 0 0 0 0 0 0 0 0 0 0 0 0 0 0 0 0 0 0 0 0 0 0 0 67 0 0 0 0 0 0 0 0 50 49 48 47 46 46 46 47 48 49 50 51 51 51 51 51 51 51 51 51 52 53 55 57 59 61 63 66 67 69
0 0 0 0 0 0 0 0 0 0 0 0 0 0 0 0 0 0 0 0 0 0 0 0 0 0 0 0 0 0 0 0 0 0 0 0 0 0 0 0 0 0 0 0 0 0 0 0 0 0 0 0 0 0 0 0 0 0 0 0 0 0 0 0 0 0 50 50 48 47 46 46 45 46 47 48 50 51 52 52 52 52 52 53 53 54 55 56 58 59 61 62 64 65 67 68
0 0 0 0 0 0 0 0 0 0 0 0 0 0 0 0 0 0 0 0 0 0 0 0 0 0 0 0 0 0 0 0 0 0 0 0 0 0 0 0 0 0 0 0 0 0 0 0 0 0 0 0 0 0 0 0 0 0 0 0 0 0 0 0 0 0 0 50 48 47 46 45 45 46 47 48 50 51 52 53 53 54 54 55 56 57 58 59 60 62 63 64 64 65 66 67
0 0 0 0 0 0 0 0 0 0 0 0 0 0 0 0 0 0 0 0 0 0 0 0 0 0 0 0 0 0 0 0 0 0 0 0 0 0 0 0 0 0 0 0 0 0 0 0 0 0 0 0 0 0 0 0 0 0 0 0 0 0 0 0 0 0 0 0 48 46 45 44 45 46 47 49 50 52 53 54 54 55 56 57 58 59 61 62 63 64 64 65 65 65 66 66
0 0 0 0 0 0 0 0 0 0 0 0 0 0 0 0 0 0 0 0 0 0 0 0 0 0 0 0 0 0 0 0 0 0 0 0 0 0 0 0 0 0 0 0 0 0 0 0 0 0 0 0 0 0 0 0 0 0 0 0 0 0 0 0 0 0 0 0 47 45 44 44 45 46 48 50 52 53 54 55 56 56 57 59 60 62 63 64 65 66 66 66 66 66 66 66
0 0 0 0 0 0 0 0 0 0 0 0 0 0 0 0 0 0 0 0 0 0 0 0 0 0 0 0 0 0 0 0 0 0 0 0 0 0 0 0 0 0 0 0 0 0 0 0 0 0 0 0 0 0 0 0 0 0 0 0 0 0 0 0 0 0 48 47 46 45 44 44 45 47 49 51 53 55 56 56 57 58 59 60 62 64 65 66 67 67 67 67 66 66 66 65
0 0 0 0 0 0 0 0 0 0 0 0 0 0 0 0 0 0 0 0 0 0 0 0 0 0 0 0 0 0 0 0 0 0 0 0 0 0 0 0 0 0 0 0 0 0 0 0 0 0 0 0 0 0 0 0 0 0 0 0 0 0 0 0 0 0 47 45 44 43 43 44 45 48 50 52 55 56 58 58 58 59 60 61 63 65 66 68 68 68 68 67 67 66 65 65
0 0 0 0 0 0 0 0 0 0 0 0 0 0 0 0 0 0 0 0 0 0 0 0 0 0 0 0 0 0 0 0 0 0 0 0 0 0 0 0 0 0 0 0 0 0 0 0 0 0 0 0 0 0 0 0 0 0 0 0 0 0 0 0 48 47 45 44 43 42 42 43 45 48 51 54 56 58 59 60 60 60 61 62 63 65 67 68 69 69 69 68 67 66 65 65
0 0 0 0 0 0 0 0 0 0 0 0 0 0 0 0 0 0 0 0 0 0 0 0 0 0 0 0 0 0 0 0 0 0 0 0 0 0 0 0 0 0 0 0 0 0 0 0 0 0 0 0 0 0 0 0 0 0 0 0 0 0 0 48 47 45 44 43 41 41 41 43 45 48 52 55 58 60 61 61 61 61 61 62 64 65 67 68 69 69 69 68 67 66 65 65
0 0 0 0 0 0 0 0 0 0 0 0 0 0 0 0 0 0 0 0 0 0 0 0 0 0 0 0 0 0 0 0 0 0 0 0 0 0 0 0 0 0 0 0 0 0 0 0 0 0 0 0 0 0 0 0 0 0 0 0 0 0 49 47 46 44 43 41 40 40 41 42 45 49 53 57 60 61 62 62 62 61 61 62 64 65 67 68 69 69 69 68 67 66 65 65
0 0 0 0 0 0 0 0 0 0 0 0 0 0 0 0 0 0 0 0 0 0 0 0 0 0 0 0 0 0 0 0 0 0 0 0 0 0 0 0 0 0 0 0 0 0 0 0 0 0 0 0 0 0 0 0 0 0 0 0 0 0 47 46 45 43 42 40 39 39 40 42 45 49 53 57 60 62 63 63 62 62 62 62 64 65 67 68 69 69 69 68 68 66 66 0
0 0 0 0 0 0 0 0 0 0 0 0 0 0 0 0 0 0 0 0 0 0 0 0 0 0 0 0 0 0 0 0 0 0 0 0 0 0 0 0 0 0 0 0 0 0 0 0 0 0 0 0 0 0 0 0 0 0 0 0 0 0 0 0 44 42 41 40 39 39 40 42 45 49 54 58 61 63 63 63 63 62 62 62 64 65 67 69 69 70 70 69 68 67 66 0
0 0 0 0 0 0 0 0 0 0 0 0 0 0 0 0 0 0 0 0 0 0 0 0 0 0 0 0 0 0 0 0 0 0 0 0 0 0 0 0 0 0 0 0 0 0 0 0 0 0 0 0 0 0 0 0 0 0 0 0 0 0 0 0 0 42 40 39 39 39 40 43 46 50 54 58 61 63 64 64 63 63 62 63 64 66 67 69 70 70 70 70 69 68 0 0
0 0 0 0 0 0 0 0 0 0 0 0 0 0 0 0 0 0 0 0 0 0 0 0 0 0 0 0 0 0 0 0 0 0 0 0 0 0 0 0 0 0 0 0 0 0 0 0 0 0 0 0 0 0 0 0 0 0 0 0 0 0 0 0 0 41 40 40 39 40 41 43 47 50 55 58 62 63 64 64 64 63 63 63 64 66 67 69 70 71 71 71 70 0 0 0
0 0 0 0 0 0 0 0 0 0 0 0 0 0 0 0 0 0 0 0 0 0 0 0 0 0 0 0 0 0 0 0 0 0 0 0 0 0 0 0 0 0 0 0 0 0 0 0 0 0 0 0 0 0 0 0 0 0 0 0 0 0 0 0 0 41 40 40 40 41 42 45 48 51 55 59 62 64 64 64 64 63 63 64 65 66 68 69 71 72 0 0 0 0 0 0
0 0 0 0 0 0 0 0 0 0 0 0 0 0 0 0 0 0 0 0 0 0 0 0 0 0 0 0 0 0 0 0 0 0 0 0 0 0 0 0 0 0 0 0 0 0 0 0 0 0 0 0 0 0 0 0 0 0 0 0 38 39 0 0 40 41 41 41 41 42 44 46 49 52 56 59 62 64 64 64 64 64 64 64 65 67 68 70 0 0 0 0 0 0 0 0
0 0 0 0 0 0 0 0 0 0 0 0 0 0 0 0 0 0 0 0 0 0 0 0 0 0 0 0 0 0 0 0 0 0 0 0 0 0 0 0 0 0 0 0 0 0 0 0 0 0 0 0 0 0 0 0 0 0 0 0 37 38 38 39 40 41 41 42 43 44 45 48 50 53 56 59 62 63 64 64 64 64 64 64 65 67 68 0 0 0 0 0 0 0 0 0
0 0 0 0 0 0 0 0 0 0 0 0 0 0 0 0 0 0 0 0 0 0 0 0 0 0 0 0 0 0 0 0 0 0 0 0 0 0 0 0 0 0 0 0 0 0 0 0 0 0 0 0 0 0 0 0 0 0 0 0 0 37 38 39 40 41 42 43 44 46 47 49 52 55 57 60 62 63 64 64 64 63 63 64 65 66 0 0 0 0 0 0 0 0 0 0
0 0 0 0 0 0 0 0 0 0 0 0 0 0 0 0 0 0 0 0 0 0 0 0 0 0 0 0 0 0 0 0 0 0 0 0 0 0 0 0 0 0 0 0 0 0 0 0 0 0 0 0 0 0 0 0 0 0 0 0 0 37 38 39 40 42 43 44 46 47 49 51 53 56 58 60 62 63 64 63 63 63 62 63 64 65 0 0 0 0 0 0 0 0 0 0
0 0 0 0 0 0 0 0 0 0 0 0 0 0 0 0 0 0 0 0 0 0 0 0 0 0 0 0 0 0 0 0 0 0 0 0 0 0 0 0 0 0 0 0 0 0 0 0 0 0 0 0 0 0 0 0 0 0 0 0 0 37 38 39 41 42 44 46 48 49 50 52 54 57 59 61 62 63 63 62 62 61 61 61 62 0 0 0 0 0 0 0 0 0 0 0
0 0 0 0 0 0 0 0 0 0 0 0 0 0 0 0 0 0 0 0 0 0 0 0 0 0 0 0 0 0 0 0 0 0 0 0 0 0 0 0 0 0 0 0 0 0 0 0 0 0 0 0 0 0 0 0 0 0 0 0 37 37 38 40 41 43 45 47 49 50 52 53 55 58 60 0 62 62 62 61 60 60 59 59 0 0 0 0 0 0 0 0 0 0 0 0
0 0 0 0 0 0 0 0 0 0 0 0 0 0 0 0 0 0 0 0 0 0 0 0 0 0 0 0 0 0 0 0 0 0 0 0 0 0 0 0 0 0 0 0 0 0 0 0 0 0 0 0 0 0 0 0 0 0 0 0 38 38 39 41 42 44 46 48 50 51 53 55 56 58 0 0 0 61 60 59 58 57 57 0 0 0 0 0 0 0 0 0 0 0 0 0
