lus_demo/data/Current_situation/Thematic_maps/Residential/AttractivitySurroundings.asc
ncols         540
nrows         650
xllcorner     10000
yllcorner     300000
cellsize      500
NODATA_value  -9999
[rows 63 to 125 of 650, columns 384 to 479 of 540]
51 51 51 51 51 52 53 55 57 59 61 62 63 63 63 63 62 62 61 61 60 59 58 56 55 53 52 51 50 49 48 47 46 45 45 45 44 44 44 44 44 44 45 45 45 45 45 45 45 45 45 45 44 43 43 42 42 42 42 43 43 44 44 44 44 44 44 43 43 42 41 41 40 40 39 39 39 38 38 38 38 38 38 38 39 39 39 40 41 41 42 42 43 43 43 43
51 51 51 51 51 52 53 54 56 57 59 59 60 60 59 59 58 58 57 57 56 55 54 53 52 51 50 49 48 47 47 46 45 45 44 44 44 44 44 44 44 44 44 45 45 45 45 45 46 46 46 45 45 44 44 43 42 42 42 42 42 43 43 43 43 43 43 42 42 41 40 40 39 39 39 39 39 39 39 39 39 39 39 39 40 40 41 41 42 43 43 44 44 44 44 44
51 51 51 51 51 52 52 53 55 56 56 56 56 56 55 55 54 54 53 53 52 52 51 50 50 49 48 47 46 46 46 45 45 44 44 44 44 44 44 44 44 44 44 44 45 45 45 45 46 46 46 46 45 45 44 43 43 42 42 42 41 42 42 42 42 42 42 41 41 40 40 39 39 39 39 39 39 40 40 40 40 40 40 40 41 41 42 43 43 44 45 45 45 46 46 46
51 51 51 51 51 52 52 53 53 54 54 54 53 52 52 51 51 50 50 50 50 49 49 48 47 47 46 46 45 45 45 45 44 44 44 44 44 44 44 44 44 44 44 44 44 45 45 45 46 46 46 46 46 45 44 44 43 42 41 41 41 41 41 41 41 41 41 41 40 40 39 39 39 39 39 39 40 40 41 41 41 41 41 41 42 42 43 44 45 46 47 47 47 47 48 48
51 51 51 51 51 51 52 52 52 52 51 51 50 50 49 48 48 48 48 47 47 47 47 46 46 45 45 45 45 44 44 44 44 44 44 44 44 44 44 44 44 44 44 44 44 44 44 45 45 46 46 46 46 45 45 44 43 42 41 40 40 40 40 40 41 41 41 41 40 40 40 39 39 39 40 40 41 41 41 42 42 42 42 42 42 43 44 45 46 47 48 49 49 49 49 50
51 51 51 51 51 51 51 51 50 50 49 49 48 47 47 46 46 46 46 46 46 46 46 45 45 45 44 44 44 44 44 44 44 44 44 44 44 44 44 43 43 43 43 43 44 44 44 44 45 45 46 46 46 45 45 44 43 41 40 40 39 39 39 40 40 41 41 41 40 40 40 40 40 40 40 41 41 42 42 42 42 42 42 42 43 44 45 46 47 48 49 50 50 51 51 52
51 51 51 51 51 51 50 50 49 49 48 47 46 46 45 45 45 45 45 45 45 45 45 45 44 44 44 44 44 44 44 44 44 44 44 44 44 44 44 43 43 43 43 43 43 43 44 44 44 45 45 46 46 45 45 44 42 41 40 39 39 39 39 40 40 41 41 41 41 41 40 40 40 41 41 42 42 43 43 43 43 43 43 43 44 45 46 47 48 49 50 51 51 52 53 54
51 51 51 51 51 50 50 49 48 47 46 46 45 45 44 44 44 44 44 44 44 44 44 44 44 44 44 44 44 44 44 44 44 44 44 44 44 44 43 43 43 43 43 43 43 43 43 44 44 45 45 45 46 45 45 44 42 41 40 39 38 38 39 39 40 41 41 41 41 41 41 41 41 41 42 42 43 43 43 43 43 43 43 44 44 45 46 47 49 50 51 52 53 53 54 55
51 51 51 51 51 50 49 48 47 46 46 45 44 44 44 44 44 44 44 44 44 44 44 44 44 44 44 44 44 44 44 44 44 44 44 44 44 43 43 43 43 43 43 43 43 43 43 43 44 44 45 45 46 45 45 44 42 41 40 39 38 38 39 39 40 41 41 41 42 41 41 42 42 42 42 43 43 43 44 44 44 44 44 44 45 46 47 48 49 50 52 53 54 55 56 57
51 51 51 51 51 50 49 48 47 46 45 44 44 43 43 43 43 43 43 43 43 43 43 43 43 43 43 43 43 44 44 44 44 44 44 44 43 43 43 43 43 43 43 43 43 43 43 43 44 44 45 45 45 45 45 44 43 41 40 39 38 38 38 39 40 40 41 41 41 42 42 42 42 42 43 43 44 44 44 44 45 45 45 45 46 46 47 48 50 51 52 53 54 55 57 58
51 51 51 51 50 49 48 47 46 45 44 44 43 43 43 43 42 42 43 43 43 43 43 43 43 43 43 43 43 43 43 43 43 43 43 43 43 43 43 43 43 43 43 43 43 43 43 43 44 44 45 45 45 45 45 45 43 42 41 39 38 38 38 39 39 40 40 41 41 41 42 42 42 42 43 43 44 45 45 45 45 46 46 46 46 47 48 49 50 51 52 53 55 56 57 58
50 51 51 50 50 49 48 46 45 44 44 43 43 42 42 42 42 42 42 42 42 42 42 42 42 42 42 42 42 42 43 43 43 43 43 42 42 42 42 42 42 42 42 43 43 43 43 43 43 44 44 45 45 46 46 45 44 43 42 40 39 38 38 38 39 39 40 40 41 41 41 41 42 42 43 44 44 45 46 46 46 46 47 47 47 48 48 49 50 51 52 53 55 56 58 60
49 50 50 50 49 48 47 46 45 44 43 43 42 42 42 41 41 41 41 41 41 41 41 41 41 41 41 41 41 42 42 42 42 42 42 42 42 41 41 41 41 42 42 42 42 42 43 43 43 43 44 45 45 46 46 46 45 44 42 41 40 39 38 38 38 39 39 40 40 40 41 41 42 43 43 44 45 45 46 47 47 47 47 48 48 48 49 50 51 52 53 54 55 56 58 59
48 49 49 49 48 47 46 45 44 44 43 43 42 42 41 41 40 40 40 40 40 40 40 40 40 40 40 41 41 41 41 41 41 41 41 41 41 41 41 41 41 41 41 41 42 42 42 42 42 43 43 44 45 46 46 46 45 44 43 42 40 39 38 38 38 38 38 39 39 40 40 41 42 43 44 44 45 46 47 47 48 48 48 48 49 49 49 50 51 52 53 54 55 56 57 58
47 48 48 48 47 47 46 45 44 44 43 43 42 42 41 41 40 39 39 39 39 39 39 39 39 40 40 40 41 41 41 41 41 41 41 41 40 40 40 40 40 40 40 40 41 41 41 41 42 42 43 44 44 45 46 46 46 45 43 42 40 39 38 37 37 37 37 38 39 39 40 41 42 43 44 45 45 46 47 48 48 48 49 49 49 49 50 51 51 52 53 54 55 56 57 58
46 46 47 47 46 46 45 45 44 44 44 43 43 42 42 41 40 39 39 39 39 39 39 39 39 40 40 40 41 41 41 41 41 41 41 40 40 40 40 39 39 39 40 40 40 40 40 40 41 41 42 43 44 45 45 46 45 44 43 42 40 39 37 37 36 36 37 37 38 39 40 41 42 43 44 45 46 47 48 48 48 49 49 49 50 50 50 51 52 53 54 55 55 56 57 58
45 45 46 46 46 46 46 45 45 45 45 45 44 43 42 41 40 40 39 39 39 39 39 39 40 40 40 41 41 41 42 42 41 41 41 41 40 40 39 39 39 39 39 39 39 39 39 39 40 40 41 42 43 44 45 45 45 44 42 41 39 38 36 35 35 35 36 36 38 39 40 41 42 44 45 46 46 47 48 48 49 49 49 49 50 50 51 52 53 53 54 55 56 57 57 58
44 45 45 46 46 46 46 46 46 46 46 46 45 45 44 43 42 41 40 40 39 39 40 40 40 41 41 42 42 42 42 42 42 42 41 41 40 40 40 39 39 39 39 39 38 38 38 39 39 39 40 41 42 43 44 44 43 42 41 39 38 36 35 34 34 34 34 36 37 39 40 41 43 44 45 46 47 47 48 48 48 49 49 50 50 51 52 53 53 54 55 56 57 57 58 58
43 44 45 46 46 47 47 47 48 48 48 48 47 46 45 44 43 42 41 41 40 41 41 41 41 42 42 43 43 44 43 43 43 43 42 42 41 41 40 40 39 39 39 39 38 38 38 38 38 39 39 40 41 42 42 42 42 41 39 37 36 34 32 32 32 32 33 35 36 38 40 42 43 45 46 47 47 48 48 48 48 49 49 50 51 51 53 54 54 55 56 57 57 58 58 58
43 44 45 46 47 47 48 48 49 49 49 49 49 48 47 45 44 43 42 42 42 42 42 42 43 43 44 44 45 45 45 44 44 43 43 42 42 42 41 41 40 40 39 39 39 38 38 38 38 38 39 39 40 41 41 41 40 39 37 35 33 31 30 29 30 30 32 33 35 38 40 42 43 45 46 47 48 48 48 48 48 49 49 50 51 52 53 54 55 56 57 57 58 58 58 58
43 44 45 46 47 48 49 49 50 50 50 50 50 49 48 47 46 45 44 43 43 43 43 43 44 44 45 45 46 46 46 45 45 44 44 43 43 43 42 42 41 41 40 40 39 39 38 38 38 38 38 39 39 39 39 39 38 36 35 33 31 29 28 27 28 29 30 32 34 37 39 42 43 45 46 47 48 48 48 48 48 48 49 50 51 52 54 55 56 57 57 58 58 58 58 58
43 44 45 47 48 49 50 50 51 51 51 51 51 50 49 48 47 46 45 44 44 44 44 44 45 45 46 46 46 46 46 46 46 45 45 44 44 44 43 43 42 42 41 40 40 39 39 38 38 38 38 38 38 38 37 37 36 34 32 31 29 27 26 25 26 27 28 31 33 36 39 41 43 45 46 47 47 48 48 48 48 48 49 50 51 53 54 55 56 57 58 58 59 59 59 58
43 44 46 47 48 49 50 51 51 51 52 51 51 50 49 49 48 47 46 45 45 45 45 45 45 46 46 46 47 47 47 46 46 46 45 45 45 44 44 44 43 42 42 41 40 40 39 38 38 38 38 37 37 37 36 35 34 33 31 29 27 26 25 24 24 25 27 29 32 35 38 40 42 44 45 46 47 47 47 47 47 48 49 50 51 52 54 55 56 57 58 58 59 59 59 58
44 45 46 47 48 49 50 50 51 51 51 51 51 50 49 49 48 47 46 46 45 45 45 45 45 46 46 46 47 47 47 47 46 46 46 45 45 45 44 44 43 43 42 41 41 40 39 39 38 38 37 37 36 36 35 34 33 32 30 28 27 25 24 23 23 25 26 28 31 34 37 39 41 43 44 45 46 46 47 47 47 47 48 49 50 52 53 54 55 56 57 58 58 58 59 58
44 45 46 47 48 48 49 50 50 50 50 50 50 50 49 48 48 47 46 46 45 45 45 45 45 46 46 46 47 47 47 47 47 46 46 45 45 45 44 44 43 43 42 42 41 40 39 39 38 37 37 36 36 35 34 34 33 31 30 28 27 25 24 24 24 24 26 28 30 33 35 38 40 42 43 44 45 46 46 46 46 47 47 48 49 51 52 53 54 55 56 57 57 58 58 58
44 45 45 46 47 48 48 49 49 49 49 49 49 49 48 48 47 47 46 46 45 45 45 45 45 46 46 46 47 47 47 47 47 46 46 45 45 44 44 43 43 43 42 42 41 40 39 39 38 37 37 36 36 35 34 34 33 32 31 30 28 27 26 25 25 25 26 28 30 32 34 37 39 41 42 43 44 45 45 45 46 46 46 47 48 49 50 51 53 54 55 56 56 57 57 57
44 44 45 45 46 46 47 47 47 48 48 48 48 48 47 47 47 46 46 45 45 45 45 45 45 46 46 46 47 47 47 47 46 46 45 45 44 43 43 43 43 42 42 42 41 41 40 39 38 38 37 36 36 35 35 34 34 33 33 32 31 29 28 27 27 27 27 28 30 32 34 36 38 40 41 42 43 44 44 45 45 45 45 46 46 47 48 49 50 52 53 54 54 55 55 55
45 44 44 45 45 45 46 46 46 46 47 47 47 47 47 46 46 46 45 45 45 45 45 45 45 46 46 46 47 47 47 47 46 45 45 44 43 42 42 42 42 42 42 42 42 42 41 40 39 38 37 37 36 36 36 36 35 35 35 34 33 32 31 30 29 29 28 29 30 31 33 35 37 39 40 42 43 43 44 44 44 44 44 44 45 45 46 47 48 49 50 51 52 53 53 53
45 44 44 44 44 45 45 45 45 45 45 46 46 46 46 46 46 45 45 45 45 45 45 45 45 45 46 46 47 47 47 46 46 45 44 43 42 42 41 42 42 42 43 43 43 43 42 42 41 39 38 38 37 37 37 37 37 37 37 37 36 35 34 33 32 31 30 30 31 32 33 35 36 38 40 41 42 43 43 43 43 43 43 43 43 43 44 44 45 46 47 48 49 50 50 51
45 44 44 43 44 44 44 44 44 44 45 45 45 45 45 45 45 45 45 44 44 44 44 44 45 45 46 46 47 47 47 46 45 44 43 42 41 41 41 41 42 43 44 45 45 45 44 43 42 41 40 39 39 38 39 39 39 40 40 40 40 39 38 37 35 34 33 32 32 33 33 35 36 38 40 41 42 43 43 43 42 42 41 41 41 41 41 42 42 43 44 45 46 47 47 48
45 44 43 43 43 43 43 43 44 44 44 44 45 45 45 45 45 45 44 44 44 44 44 44 44 45 45 46 46 46 46 45 44 43 42 41 40 40 40 41 43 44 46 46 47 47 46 45 44 43 42 41 40 40 40 41 41 42 43 43 43 43 42 41 39 37 35 34 34 34 34 36 37 38 40 41 42 43 43 42 42 41 41 40 39 39 39 39 39 40 41 42 42 43 44 44
45 44 43 43 43 43 43 43 43 44 44 44 45 45 45 45 45 45 44 44 44 43 43 43 44 44 45 45 46 46 46 45 44 42 41 40 40 40 40 42 44 45 47 48 49 47 46 45 46 44 43 43 42 42 42 43 44 45 45 46 47 47 46 44 42 40 38 36 35 35 36 37 38 39 40 42 42 43 43 43 42 41 40 39 38 38 37 37 37 37 38 39 39 40 40 41
44 44 43 43 42 42 43 43 43 44 44 44 45 45 45 45 45 45 44 44 43 43 43 43 43 43 44 44 45 45 45 44 43 42 41 40 39 40 41 43 45 47 49 50 51 51 50 49 47 46 45 44 44 44 44 45 46 47 48 49 50 50 49 48 46 43 41 38 37 36 37 38 39 40 41 42 43 43 43 43 43 42 41 39 38 37 36 35 35 35 36 36 36 37 38 38
45 44 43 43 43 43 43 43 44 44 44 45 45 46 46 46 46 45 45 44 43 42 42 41 41 42 43 43 44 45 45 44 43 42 41 40 40 41 42 44 47 49 51 52 52 52 51 50 48 47 46 46 45 46 46 47 48 49 50 51 52 52 52 50 46 46 43 41 39 38 38 39 40 41 42 43 44 44 44 44 44 43 42 40 38 37 35 34 34 34 34 34 35 35 36 36
45 44 43 43 43 43 43 44 44 44 45 46 45 47 47 47 46 46 45 44 42 41 41 40 40 41 42 43 44 44 44 44 43 42 41 41 41 42 43 46 48 50 52 53 53 53 52 50 49 48 47 47 47 47 48 48 49 51 52 53 54 54 54 50 48 48 45 43 41 40 39 40 41 42 43 44 45 45 46 46 45 44 43 41 40 38 36 35 34 33 33 33 34 34 35 35
45 44 44 43 43 43 44 44 45 45 46 46 47 47 48 48 47 47 45 44 42 41 40 39 39 40 41 42 43 44 44 44 44 43 42 42 42 43 45 47 49 51 53 53 53 53 52 50 49 49 48 48 48 48 49 50 51 52 53 54 55 55 55 54 52 50 47 44 42 41 41 41 42 43 44 45 46 47 47 47 47 47 45 43 41 39 38 36 34 34 33 34 34 34 35 35
45 44 44 44 44 44 45 45 45 46 47 47 48 48 49 49 48 47 46 44 42 40 39 39 39 39 41 42 43 44 45 45 45 44 44 44 44 45 47 49 50 52 53 53 53 53 52 50 50 49 49 49 49 49 50 51 52 53 53 54 55 56 55 54 53 51 48 46 44 43 43 43 43 44 45 46 47 48 49 49 49 49 48 46 44 42 40 37 36 35 35 35 35 35 36 36
45 44 44 44 44 45 45 46 46 47 47 48 49 49 49 49 48 47 46 44 42 40 39 39 39 40 41 43 44 45 46 47 47 46 46 46 46 47 48 50 51 52 53 53 53 52 51 50 50 50 50 50 50 50 51 51 52 53 53 54 55 55 55 54 53 51 49 47 45 44 44 44 45 45 46 47 48 49 50 51 52 51 50 49 46 44 42 40 38 37 37 37 37 37 37 38
44 44 44 44 45 45 46 46 47 47 48 49 49 49 49 49 49 47 46 44 42 41 40 39 39 40 42 44 45 47 48 48 48 48 47 47 48 49 50 51 52 53 53 53 53 52 52 51 51 51 51 51 51 51 52 52 52 53 53 54 54 54 53 53 52 50 49 47 46 45 45 45 46 47 48 49 50 51 52 53 54 54 53 51 49 47 44 42 41 40 39 39 39 39 39 40
43 43 44 44 45 45 46 47 47 48 48 49 49 49 49 49 48 47 46 44 43 41 40 40 41 42 43 45 47 48 49 50 50 49 49 49 49 50 51 51 52 53 53 53 53 53 53 52 52 52 52 52 52 52 52 52 52 52 52 53 53 52 52 51 50 49 48 47 47 46 47 47 48 48 49 50 51 52 54 55 56 56 55 53 51 49 46 44 43 42 41 40 40 41 41 41
43 43 43 44 44 45 46 47 47 48 48 48 48 49 49 49 48 47 46 45 43 42 42 42 42 44 45 47 49 50 51 51 51 50 50 50 50 51 51 52 53 53 54 54 54 54 54 54 54 54 53 53 53 53 53 52 52 52 51 51 51 50 50 49 49 48 48 47 47 47 48 48 49 50 51 52 53 54 56 57 58 56 57 55 53 50 48 46 45 43 43 42 42 42 42 43
42 42 42 43 44 45 46 46 47 47 47 48 48 48 48 48 48 47 46 45 44 43 43 43 44 46 47 49 50 52 52 52 52 51 51 51 51 51 52 52 53 54 55 55 56 56 56 56 56 55 55 54 54 53 53 52 52 51 50 50 49 48 48 47 47 47 47 47 47 48 48 49 50 51 52 53 54 56 57 58 59 59 57 56 54 51 49 47 46 45 44 43 43 43 44 44
41 41 41 42 43 44 45 45 46 46 46 47 47 47 47 47 47 47 46 45 45 44 44 45 46 48 49 51 52 53 53 53 52 52 51 51 51 51 52 53 54 55 56 57 58 58 58 58 58 57 56 55 55 54 53 52 52 51 50 48 47 47 46 46 46 46 46 46 47 48 49 50 51 52 54 55 56 57 58 59 59 59 57 57 55 52 50 48 47 46 45 44 44 44 44 44
40 39 39 40 41 42 43 44 45 45 45 46 46 46 47 47 47 47 46 46 46 45 46 47 48 49 51 52 53 54 54 53 53 52 51 51 51 52 53 54 56 57 58 59 60 60 60 60 59 58 57 56 55 54 53 52 51 50 49 47 46 45 45 44 44 44 45 46 47 48 49 51 52 53 55 56 57 58 59 59 59 57 57 57 55 52 50 49 47 46 45 45 44 44 44 45
39 38 38 38 39 40 42 43 43 44 45 45 45 46 46 47 47 47 47 47 47 47 47 48 49 51 52 53 54 55 54 54 53 52 52 52 52 53 54 55 57 58 60 61 62 62 62 61 60 59 58 56 55 54 53 52 51 50 48 47 45 44 44 43 43 44 45 46 47 48 50 51 53 54 56 57 58 59 60 60 60 57 56 56 54 52 50 49 48 47 46 45 45 44 45 45
38 37 36 37 38 39 40 41 42 43 44 44 45 46 46 47 47 48 48 48 48 48 49 50 51 52 53 55 55 55 55 54 54 53 52 52 53 53 55 56 58 60 61 62 63 63 63 62 61 60 58 57 55 54 53 53 51 50 48 47 45 44 44 43 43 44 45 46 47 48 50 51 53 55 56 57 58 59 60 60 60 57 57 56 54 52 50 49 48 47 46 45 45 45 45 45
37 36 35 35 36 37 39 40 41 42 43 44 45 46 47 48 48 49 49 49 50 50 51 51 53 54 55 56 56 56 56 55 54 54 53 53 54 55 56 58 59 61 62 63 64 64 63 63 61 60 58 57 56 55 54 53 52 51 49 47 46 45 44 44 44 45 45 46 47 48 50 51 53 55 56 58 59 59 60 59 59 58 56 55 53 52 50 49 48 47 46 45 45 45 45 46
37 35 34 35 35 37 38 39 41 42 43 44 46 47 48 49 50 51 51 51 52 52 53 54 54 56 56 57 57 57 57 56 55 55 54 54 55 56 57 59 60 61 63 64 64 64 63 63 61 60 59 58 57 56 55 54 53 52 50 49 47 46 46 45 45 46 46 46 47 48 50 51 53 55 56 58 58 59 59 59 58 57 56 54 53 52 50 49 48 47 46 46 45 45 45 46
37 35 35 35 35 37 38 40 41 43 44 45 47 48 50 51 52 53 53 54 54 55 55 56 57 58 58 59 59 59 58 57 57 56 56 56 56 57 58 59 60 62 63 63 64 64 63 63 62 61 60 59 58 58 57 56 55 53 52 51 49 48 48 47 47 47 47 47 48 48 50 51 53 54 56 57 58 59 59 58 58 56 55 54 53 51 50 49 48 48 47 46 46 45 45 46
38 37 36 36 36 38 39 41 42 44 45 47 49 50 52 53 55 56 56 57 57 57 58 59 59 60 61 61 61 60 60 59 58 57 57 57 57 58 58 59 60 61 62 63 63 63 63 63 62 62 61 61 60 60 59 58 57 56 54 53 52 51 50 50 49 49 48 48 48 49 50 51 52 54 56 57 58 58 58 58 57 56 55 54 52 51 50 49 49 48 47 47 46 46 46 46
41 39 38 38 39 40 41 42 44 45 47 49 51 52 54 56 58 59 59 60 60 61 61 61 62 62 63 63 62 62 61 60 59 58 58 57 58 58 59 59 60 61 62 62 63 63 63 63 63 63 63 63 63 63 62 61 60 58 57 56 55 54 53 52 51 50 50 49 49 49 50 51 52 54 56 57 58 58 58 58 57 56 55 54 52 51 50 50 49 49 48 47 47 46 46 46
44 42 42 42 42 43 44 45 46 48 49 51 53 55 57 59 61 62 63 63 63 64 64 64 64 65 64 64 64 63 62 60 59 59 58 58 58 58 59 59 60 61 61 62 63 63 64 64 65 65 65 66 66 65 65 64 63 61 60 59 57 56 55 54 53 52 51 50 49 49 50 51 52 54 56 57 58 58 59 58 57 56 55 54 53 51 50 50 49 49 49 48 47 47 46 46
48 46 46 46 46 47 48 49 50 51 52 53 55 57 59 61 63 65 65 66 66 66 66 66 66 66 66 65 64 63 62 61 59 58 58 58 58 58 59 59 60 61 62 62 63 64 65 66 66 67 68 68 68 68 67 66 65 64 63 61 60 59 57 56 55 53 52 51 50 49 50 51 52 54 56 57 58 59 59 59 58 57 55 54 53 52 51 50 50 50 49 49 48 47 46 46
52 51 51 51 51 51 52 52 53 54 55 56 57 59 61 63 65 67 68 69 69 69 68 68 68 67 66 65 64 63 61 60 59 58 58 57 58 58 59 60 60 61 62 63 64 65 66 67 68 69 69 70 70 70 69 69 68 66 65 64 62 61 59 58 56 54 53 51 50 50 50 51 53 55 56 58 59 60 60 60 59 57 56 55 53 52 51 51 50 50 50 49 48 48 47 46
57 57 56 56 56 56 56 56 57 57 57 58 59 60 62 64 67 68 70 71 71 71 70 69 68 67 66 65 64 62 61 59 58 57 57 57 57 58 59 60 61 62 63 64 65 66 67 68 69 70 71 71 71 71 71 70 69 68 67 66 64 62 61 59 57 55 53 52 51 50 51 52 54 55 57 59 60 61 61 61 59 58 57 56 54 53 52 51 51 51 50 50 49 48 47 46
61 62 62 62 62 61 61 60 60 59 59 59 60 61 63 65 67 69 71 72 72 72 71 70 68 67 66 64 63 62 60 59 57 57 56 57 57 58 60 61 62 63 64 65 66 67 68 69 70 71 71 71 71 71 71 71 70 69 68 67 65 63 61 59 57 55 54 52 52 51 52 53 55 57 58 60 61 62 62 62 61 59 58 57 55 54 53 52 52 51 51 50 49 48 47 46
66 66 67 66 66 66 65 64 63 62 61 60 61 62 63 65 68 70 71 72 72 72 71 69 68 67 65 64 62 61 59 58 57 56 56 56 57 59 60 62 63 65 66 67 68 68 69 70 70 71 71 71 71 71 71 71 70 70 69 67 66 64 61 59 57 55 54 53 52 53 53 55 56 58 60 61 63 63 63 62 61 60 59 58 56 55 54 53 52 52 51 50 49 48 47 46
69 70 71 71 70 69 68 67 65 63 62 61 61 61 63 65 67 69 71 72 72 72 70 69 67 66 64 63 62 61 59 58 56 56 56 57 58 59 61 63 64 66 67 68 69 69 70 70 70 70 70 70 70 70 70 70 70 69 68 67 65 63 61 59 57 55 54 53 53 54 55 56 58 59 61 63 64 64 64 63 62 61 60 59 57 56 56 55 53 52 51 51 49 48 47 46
72 73 74 74 73 72 71 69 67 65 63 61 61 61 62 64 66 68 70 71 71 71 70 68 67 65 64 63 61 60 59 58 57 56 56 57 58 60 62 64 65 67 68 69 70 70 70 70 70 69 69 69 69 68 68 69 69 68 67 66 64 62 60 58 56 55 54 54 54 55 56 58 59 61 62 63 64 65 65 64 63 62 61 60 59 58 57 56 54 53 52 51 49 48 46 45
73 75 76 76 76 74 73 70 68 66 63 62 60 60 61 62 64 67 68 70 70 69 68 67 66 64 63 62 61 60 59 58 57 57 57 57 59 60 62 64 66 68 69 70 70 70 70 70 69 68 68 67 67 67 67 67 67 67 66 65 63 61 59 57 55 54 54 54 54 56 57 59 60 62 63 64 65 65 65 64 64 63 62 61 60 59 58 57 55 54 52 51 49 47 46 44
74 76 77 77 77 76 74 72 69 66 64 62 60 60 60 61 63 65 66 68 68 68 67 66 65 64 63 62 61 60 60 59 58 57 57 58 59 61 63 65 66 68 69 70 70 70 69 69 68 67 67 66 65 65 65 65 65 65 64 63 61 59 57 55 54 53 53 54 55 56 58 60 61 63 64 65 65 65 65 64 64 63 62 62 61 60 59 58 56 54 52 50 48 47 45 44
74 76 78 78 77 76 74 72 70 67 64 62 60 59 59 60 61 63 64 65 66 66 65 64 63 63 62 62 61 61 60 59 59 58 58 59 60 61 63 65 66 67 68 69 69 69 68 68 67 66 65 65 64 64 64 64 64 63 62 61 59 57 55 53 52 52 53 54 55 57 58 60 62 63 64 65 65 65 65 64 64 63 63 62 61 61 60 58 57 55 52 50 48 46 44 43
74 76 77 77 77 76 74 72 70 68 65 62 61 59 59 59 60 61 62 63 63 64 63 63 62 62 61 61 61 60 60 60 59 59 59 59 60 62 63 64 66 67 67 68 68 68 67 67 66 65 64 64 63 63 63 62 62 62 60 59 57 55 53 51 51 51 51 53 54 56 58 60 62 63 64 65 65 65 65 64 63 63 62 62 62 61 60 59 57 55 52 50 47 45 44 43
