lus_demo/data/Current_situation/Thematic_maps/Residential/AttractivitySurroundings.asc
ncols         540
nrows         650
xllcorner     10000
yllcorner     300000
cellsize      500
NODATA_value  -9999
[rows 252 to 314 of 650, columns 384 to 479 of 540]
48 47 45 44 44 44 44 44 45 45 46 47 48 50 52 54 56 59 61 62 64 65 66 67 68 69 69 69 69 67 66 64 61 59 56 54 54 54 56 58 61 64 67 69 71 71 72 71 71 70 69 68 67 65 63 62 60 59 58 57 56 55 54 52 50 47 45 44 42 42 42 43 44 46 49 51 54 56 57 58 59 59 58 58 58 57 57 56 56 0 0 0 0 0 0 0
51 50 49 48 47 46 46 46 46 46 46 47 48 50 52 54 56 58 60 61 62 64 65 66 66 67 67 67 66 65 63 60 58 55 53 51 51 52 54 57 60 63 66 68 69 70 70 69 68 67 66 65 64 62 61 59 58 58 57 57 56 55 54 52 50 48 46 44 42 42 42 42 44 46 49 51 54 56 57 58 59 58 58 57 57 56 56 55 54 54 0 0 0 0 0 0
55 53 52 50 49 48 48 47 47 47 47 48 49 50 51 53 55 57 59 60 61 62 63 63 64 64 64 64 63 62 60 57 55 52 50 49 49 50 53 56 59 62 65 67 68 68 68 67 66 64 63 62 61 60 59 58 57 57 57 57 56 55 54 53 50 48 46 44 43 42 42 43 44 46 49 51 54 56 57 58 58 58 57 57 56 55 54 54 53 53 52 52 52 0 0 0
58 56 55 53 52 51 50 49 49 48 48 48 49 50 51 53 55 56 57 58 59 60 61 61 62 62 62 61 60 59 57 55 52 50 48 47 47 49 51 55 58 61 64 65 66 66 65 64 63 62 61 60 59 58 57 56 56 56 56 56 56 56 54 53 51 48 46 44 43 42 42 43 45 47 49 51 53 55 57 57 58 58 57 56 55 54 54 53 52 52 52 52 52 53 53 54
61 59 57 55 54 52 51 51 50 50 49 49 50 50 51 53 54 55 56 57 58 58 59 60 60 60 60 60 59 57 55 53 51 49 47 46 47 48 51 54 57 60 62 64 64 64 63 62 61 60 59 58 57 56 56 55 55 55 56 56 56 55 54 53 51 48 46 45 43 43 43 44 45 47 49 51 53 55 56 57 57 57 56 55 55 54 53 52 52 52 52 52 53 53 54 54
63 60 58 56 55 54 53 52 51 51 50 50 50 51 51 52 53 54 55 56 57 57 58 59 59 59 59 59 58 56 54 52 50 48 47 46 47 48 51 54 57 59 61 62 62 61 60 59 59 58 57 56 56 55 55 54 54 54 55 55 55 55 54 52 50 48 46 45 44 44 44 45 46 47 49 51 52 54 55 56 57 56 56 55 54 53 52 52 52 52 52 53 53 53 54 54
64 61 59 56 55 54 53 52 52 51 51 51 51 51 51 52 52 53 54 55 56 57 57 58 59 59 59 59 58 56 54 52 50 48 47 47 47 49 51 53 56 58 59 60 60 59 59 58 57 57 56 56 55 55 54 54 53 53 54 54 54 54 53 52 50 48 47 45 45 44 45 45 46 47 49 50 52 53 54 55 56 55 55 54 53 53 52 52 52 52 53 53 53 54 54 54
64 61 59 57 55 54 53 52 52 52 51 51 51 51 51 51 52 53 54 55 56 57 58 59 59 60 60 59 58 57 55 53 51 49 48 48 48 49 51 53 55 57 58 58 58 58 57 57 57 56 56 56 55 54 54 53 53 53 53 53 53 53 53 51 50 48 47 46 45 45 45 46 46 47 48 49 51 52 53 54 54 54 54 54 53 52 52 52 52 53 53 53 54 54 54 54
64 61 58 56 54 53 52 52 52 52 51 51 51 51 51 52 52 53 54 55 56 57 59 60 61 61 61 60 59 57 55 53 52 50 49 49 49 50 51 53 55 56 57 57 57 57 57 57 57 57 56 56 56 55 54 53 53 52 52 52 53 52 52 51 50 49 47 46 46 46 45 46 46 46 47 48 49 50 51 52 52 53 53 53 52 52 52 52 53 53 53 54 54 54 54 54
63 60 57 54 53 52 51 51 51 51 51 51 51 51 52 52 53 53 55 56 57 59 60 61 62 62 62 61 60 58 56 54 52 51 50 50 50 50 51 53 54 55 56 57 57 57 58 58 58 58 58 57 56 55 54 53 53 52 52 52 52 52 52 51 50 49 48 47 46 46 45 45 45 45 46 46 47 48 49 50 50 51 51 52 52 52 52 53 53 54 54 54 54 54 54 55
62 59 56 53 51 50 50 49 50 50 50 51 51 52 52 53 54 55 56 57 59 60 62 63 63 63 63 62 60 58 56 54 53 52 51 51 51 51 52 53 54 55 56 57 58 58 59 59 60 60 59 59 58 56 55 54 53 52 52 52 52 52 52 51 51 50 49 48 47 46 45 45 44 44 44 44 45 46 47 47 48 49 50 51 52 52 52 53 54 54 54 55 55 55 55 55
61 57 54 51 50 48 48 48 48 49 50 50 51 52 53 54 55 56 58 59 60 62 63 63 63 63 62 61 60 58 56 54 53 52 52 52 52 53 53 54 55 56 57 58 59 60 61 61 62 62 61 60 59 58 56 55 54 53 53 53 53 53 53 52 52 51 50 49 47 46 45 44 43 43 43 43 43 44 44 45 46 48 49 50 51 52 53 53 54 54 55 55 55 55 55 55
60 56 53 50 48 47 47 47 47 48 49 50 52 53 54 56 57 58 59 60 61 62 63 63 63 62 61 60 58 57 55 54 53 53 53 53 53 54 55 55 56 57 58 59 61 62 63 64 64 64 63 62 60 59 58 56 55 54 54 54 54 54 54 54 53 52 51 49 48 46 45 43 42 41 41 41 41 42 42 43 45 46 48 49 51 52 53 54 54 55 55 56 56 56 56 56
59 55 52 49 48 46 46 46 47 48 49 51 52 54 56 57 59 60 61 61 62 63 63 62 62 61 59 58 57 55 54 53 53 53 53 54 55 55 56 57 58 59 60 61 63 64 65 66 66 66 65 63 62 60 59 58 57 56 55 55 56 56 56 55 55 54 52 50 49 47 45 43 42 41 40 40 40 40 41 42 43 45 47 49 50 51 53 54 55 55 56 56 57 57 57 58
58 55 52 49 47 46 46 46 47 48 50 52 53 55 57 59 60 61 62 62 62 62 61 61 59 58 57 55 54 53 52 52 52 53 54 55 56 56 57 58 59 60 61 63 65 66 68 68 68 68 67 65 63 62 60 59 58 58 57 57 58 58 58 57 57 56 54 52 50 48 45 43 41 40 39 39 39 39 40 41 42 44 46 48 49 51 53 54 55 56 56 57 58 58 58 59
57 54 52 49 48 47 46 46 47 49 51 53 55 56 58 60 61 62 62 62 62 61 60 58 57 55 54 52 51 51 51 51 52 53 54 55 56 57 58 58 59 60 62 64 66 68 69 70 70 69 68 66 64 63 61 60 60 60 60 60 60 60 60 60 59 58 56 54 51 49 46 44 42 40 39 38 38 38 39 40 42 43 45 47 49 51 52 54 55 56 57 58 58 59 59 60
56 54 52 50 48 48 47 47 48 50 52 54 56 57 59 60 61 62 61 61 60 59 57 55 54 52 51 49 49 49 49 50 51 52 54 55 56 57 57 58 59 60 62 64 66 68 70 71 71 70 69 67 65 63 62 61 61 61 61 62 62 62 62 62 61 60 58 56 53 50 47 45 42 40 39 38 37 38 38 39 41 42 44 46 48 50 52 54 55 56 57 58 59 59 60 61
56 54 52 51 49 49 48 49 50 51 53 54 56 58 59 60 61 61 61 60 58 57 55 53 51 49 48 47 47 47 48 49 50 52 53 55 55 56 57 57 58 59 61 64 66 69 70 71 71 70 69 67 65 63 63 62 62 63 63 63 64 64 64 63 63 61 59 57 55 52 49 46 43 41 39 38 37 37 37 38 40 41 43 46 48 50 52 54 56 57 57 58 59 60 60 61
56 55 53 52 51 50 50 50 51 52 54 55 57 58 59 60 60 60 60 58 57 55 53 51 49 48 47 46 46 46 47 49 50 51 53 54 54 55 55 56 57 58 60 63 66 68 70 71 71 70 68 66 64 63 62 62 63 64 64 65 65 65 65 64 64 62 61 58 55 52 49 46 44 41 39 38 36 36 36 37 39 41 43 45 48 50 53 54 56 57 58 59 59 60 61 61
56 55 54 53 52 51 51 51 52 53 54 56 57 58 59 60 60 60 59 57 55 53 51 49 48 47 46 46 46 47 48 49 50 52 52 53 53 53 53 54 55 56 59 62 65 68 70 71 71 70 68 65 64 62 62 62 63 64 65 65 65 65 65 65 64 62 61 58 56 53 49 46 44 41 39 37 36 35 35 36 38 40 43 46 48 51 53 55 56 57 58 59 59 60 60 61
56 56 55 54 53 52 52 51 52 53 54 56 57 58 59 59 59 59 58 57 55 53 51 49 48 47 47 47 48 49 50 51 52 52 52 53 52 52 52 52 53 55 58 61 64 67 70 71 71 69 67 65 63 61 61 61 62 63 64 65 65 65 65 64 63 62 60 57 55 52 49 46 43 41 39 37 35 35 35 36 37 40 43 46 49 52 54 56 57 58 58 58 59 59 60 60
56 56 55 54 53 53 52 52 52 53 54 55 57 58 59 59 59 59 58 57 55 53 51 50 49 48 48 49 50 51 52 53 54 54 53 53 52 51 51 51 52 54 57 61 64 67 70 71 70 69 67 64 62 60 60 60 61 62 64 64 64 64 64 63 61 60 58 55 53 50 47 45 42 40 38 36 35 34 34 35 37 40 43 47 51 53 56 57 58 58 58 58 58 59 59 59
56 56 56 55 54 53 52 52 52 53 54 55 56 57 58 59 59 59 58 57 55 54 52 51 51 51 51 52 54 55 56 56 56 56 55 53 52 51 51 51 52 55 58 61 65 68 70 71 71 69 66 64 61 59 59 59 60 61 62 63 63 63 62 61 59 57 55 53 50 48 46 43 41 39 38 36 34 34 34 35 37 40 44 48 52 55 57 58 59 59 59 58 58 58 58 59
56 56 56 55 54 53 52 51 52 52 53 54 56 57 58 59 60 59 59 58 56 55 54 53 53 54 55 56 58 59 60 60 59 58 57 55 54 52 52 52 54 56 59 63 66 70 71 72 71 69 66 63 61 59 58 58 59 60 61 62 62 61 60 58 56 54 52 50 48 46 44 42 41 39 37 36 34 34 34 35 37 41 45 49 53 56 58 60 60 60 59 58 58 58 58 58
55 55 55 54 53 52 51 51 51 52 53 54 56 57 59 60 60 60 60 59 58 57 56 56 56 57 58 60 62 63 63 63 62 61 59 57 55 54 54 55 56 58 61 65 69 71 73 73 72 70 67 64 61 59 58 57 58 59 60 60 60 60 58 56 54 52 50 48 46 45 43 42 40 39 37 36 35 34 34 35 38 41 45 49 53 56 59 60 61 60 59 58 58 57 57 57
54 54 54 53 52 51 51 51 51 52 53 55 56 58 59 60 61 61 61 61 60 59 58 58 59 60 61 63 65 66 66 66 65 63 61 59 58 57 57 58 59 62 65 68 71 73 75 75 74 72 69 65 62 59 58 57 57 58 59 59 59 59 57 55 53 50 48 46 45 44 43 42 41 39 38 36 35 35 35 36 39 42 46 50 53 56 59 60 60 60 59 58 58 57 57 57
53 53 54 52 51 51 50 51 51 52 54 56 57 59 60 61 62 62 62 61 61 60 60 60 61 62 64 66 67 68 68 68 67 65 63 62 60 60 60 61 63 65 68 71 74 76 77 77 76 73 70 67 63 60 58 57 57 58 58 59 59 58 56 54 52 50 47 46 45 44 43 42 41 40 39 38 37 36 36 37 40 43 46 50 53 56 58 59 60 60 59 58 58 58 57 57
51 51 51 50 50 50 50 51 52 53 55 57 59 60 61 62 62 62 62 62 61 61 61 62 62 64 65 67 68 69 69 69 68 66 65 63 63 63 63 64 66 69 71 74 76 78 79 79 78 75 72 69 65 62 60 58 58 58 58 58 58 57 56 54 52 50 48 46 45 45 44 44 43 42 41 39 38 38 38 39 41 43 47 50 53 55 57 58 59 59 59 59 58 58 58 58
50 49 49 49 49 49 50 51 53 55 57 59 60 61 62 63 63 63 62 62 62 62 62 62 63 64 66 67 68 69 69 69 68 67 66 65 65 65 66 67 69 72 74 76 78 80 81 81 79 77 74 71 67 64 61 59 58 58 58 58 58 57 56 54 52 50 48 47 46 46 45 45 44 44 42 41 40 39 39 40 42 44 47 50 52 54 55 56 57 57 58 58 59 59 59 59
48 48 48 48 48 49 50 52 54 57 59 61 62 63 63 63 63 63 62 62 62 62 62 62 63 65 66 67 68 68 68 68 67 66 66 66 66 67 68 70 72 74 76 78 80 82 82 82 81 79 76 72 69 65 62 60 59 58 57 57 57 56 56 54 53 51 50 49 48 47 47 47 46 45 44 43 42 41 41 42 43 45 47 49 51 53 53 54 55 56 57 58 59 59 60 61
47 47 47 47 48 50 52 54 56 59 61 63 64 65 65 64 63 63 62 62 62 62 62 63 63 64 65 66 67 67 67 67 66 66 66 66 67 68 69 71 73 76 78 80 81 82 83 83 82 80 78 74 70 67 63 60 58 57 56 56 56 55 55 54 53 52 51 50 49 49 48 48 48 47 46 44 43 43 43 44 45 46 48 49 50 51 52 52 53 54 56 57 58 60 61 62
47 47 47 48 49 51 53 56 59 62 64 65 66 66 66 65 64 63 62 62 62 62 62 63 64 65 65 66 66 66 66 66 65 65 65 66 67 68 70 72 74 77 79 80 82 83 83 84 83 81 79 75 71 67 63 60 58 56 55 54 54 54 54 54 53 52 51 51 50 50 50 49 49 48 47 46 45 45 45 45 46 47 48 49 50 50 51 51 52 53 54 56 58 60 61 62
47 47 47 48 50 52 55 58 61 64 66 68 68 68 67 66 64 63 63 62 62 62 63 63 64 65 65 66 66 65 65 65 65 64 65 65 66 68 70 72 75 77 79 80 82 83 83 83 83 81 79 75 71 67 63 59 56 54 53 52 52 52 52 52 52 52 51 51 51 50 50 50 49 49 48 47 46 46 46 47 48 48 49 50 50 50 50 50 50 51 53 55 57 59 61 62
48 48 48 50 52 54 57 60 64 66 68 70 70 70 68 67 66 64 63 63 63 63 64 65 65 66 66 66 66 65 65 65 64 64 64 65 66 67 69 72 74 76 78 80 82 83 83 83 82 81 78 75 71 66 61 57 54 51 50 50 50 50 51 51 51 51 51 51 51 50 50 50 50 49 48 48 48 48 48 48 49 50 51 51 51 50 49 49 49 50 51 53 55 57 59 61
48 49 50 51 53 56 59 62 65 68 70 72 72 71 70 68 67 65 64 64 64 64 65 66 66 67 67 67 66 66 65 64 64 63 63 64 65 66 68 71 73 76 78 79 81 82 83 82 82 80 77 73 69 64 59 55 52 49 48 48 48 49 50 50 50 51 50 50 50 50 50 50 50 49 49 49 49 49 50 50 51 52 52 52 52 51 50 49 48 48 49 51 53 55 58 60
49 50 51 52 55 57 60 63 67 69 72 73 73 72 71 70 68 67 66 65 65 66 66 67 68 68 68 68 67 67 66 65 64 63 63 63 64 65 67 69 72 74 76 78 80 81 81 81 80 78 75 71 67 62 57 53 50 48 47 47 48 48 49 50 50 50 50 49 49 49 49 49 50 50 50 50 50 51 52 53 54 54 54 54 53 52 51 49 48 48 48 49 51 53 56 58
50 51 52 53 56 58 61 64 67 70 72 73 74 73 72 71 69 68 67 67 67 67 68 68 69 69 69 69 68 67 66 65 64 63 62 62 63 64 65 68 70 72 75 77 78 79 79 79 78 76 73 69 65 60 56 52 49 47 47 47 48 49 50 50 50 50 49 49 48 48 48 49 50 50 51 52 52 53 54 55 56 57 57 56 56 54 52 51 49 48 48 48 50 52 54 56
51 52 53 54 57 59 62 65 67 70 72 73 74 74 73 72 71 69 69 68 68 68 69 69 70 70 70 70 69 68 67 66 64 63 62 61 61 62 64 66 68 70 72 74 75 76 77 76 75 73 70 66 62 58 54 51 49 48 48 48 49 50 51 51 50 50 49 48 47 47 48 49 50 52 53 54 55 56 57 58 59 59 59 59 58 57 55 53 51 49 48 48 49 50 54 54
51 52 54 55 57 59 62 64 67 69 71 72 73 74 73 72 71 70 69 69 69 69 70 70 71 71 71 71 70 69 68 66 65 63 61 60 60 60 61 63 65 67 69 71 72 73 73 72 71 69 67 64 60 57 54 51 50 49 50 51 52 52 52 52 51 50 49 48 47 47 48 49 51 53 55 56 58 59 60 61 62 62 62 62 61 60 58 55 53 51 49 48 48 49 50 52
52 53 54 56 57 59 61 63 65 67 69 71 72 73 73 72 71 71 70 69 69 69 70 70 71 71 71 71 71 70 69 67 65 63 61 59 58 58 59 60 62 64 65 67 68 68 69 68 67 66 64 62 59 56 54 52 52 52 52 53 54 55 54 53 52 50 49 47 47 47 48 50 52 55 57 59 61 62 63 64 65 65 65 65 64 63 61 58 56 53 51 49 49 48 49 49
53 54 55 56 57 58 60 61 63 65 67 68 70 71 71 71 71 70 69 69 69 69 70 70 71 71 71 72 71 70 69 67 65 62 60 58 57 56 56 57 58 60 61 62 63 64 64 64 64 63 61 60 58 56 55 54 54 54 55 56 57 57 56 55 53 51 49 47 47 47 49 51 53 56 59 61 63 65 66 67 67 68 68 68 67 66 63 61 58 56 53 51 49 48 48 47
53 54 55 56 56 57 58 59 60 62 63 65 67 68 68 69 69 69 69 68 69 69 69 70 70 71 71 71 71 70 69 67 65 62 59 57 55 54 54 54 55 56 57 58 58 59 60 60 60 60 59 58 57 56 56 56 56 57 58 59 59 59 57 56 53 51 49 47 47 48 49 51 54 57 60 63 65 67 68 69 69 70 70 69 69 67 65 63 61 58 55 53 50 48 46 45
54 54 55 56 56 56 56 57 57 58 59 61 62 64 65 66 67 67 67 67 67 68 68 69 70 70 71 71 71 70 69 67 64 61 58 56 54 53 52 52 52 53 53 54 54 55 56 56 57 57 58 58 58 57 58 58 59 60 60 61 61 60 58 56 53 51 49 47 47 48 50 52 55 58 62 64 67 68 69 70 71 71 71 70 69 68 66 65 62 60 57 54 51 48 45 43
54 55 55 55 55 55 54 54 54 54 55 56 58 59 61 62 63 64 65 65 66 67 67 68 69 70 70 70 70 69 68 66 63 60 58 55 53 51 51 50 50 50 50 50 51 51 52 53 55 56 57 58 58 59 59 60 61 62 62 62 62 61 59 56 54 51 49 48 47 48 50 53 56 59 62 65 67 69 70 70 71 71 70 70 69 68 67 65 63 61 58 55 51 48 44 41
54 55 55 55 54 53 52 51 51 50 51 51 52 54 56 57 59 60 61 62 64 65 66 67 68 69 69 69 69 68 66 64 62 59 56 54 52 50 49 49 48 48 48 48 48 49 50 52 53 55 56 58 59 60 61 62 63 63 64 63 63 61 59 56 54 51 49 48 48 48 50 52 55 58 61 64 66 68 69 70 70 70 69 69 68 67 67 65 64 62 59 55 51 47 43 39
54 55 55 54 53 52 50 49 47 47 46 46 47 48 50 52 54 56 58 59 61 62 64 65 66 67 67 67 66 66 64 63 60 58 55 53 51 49 48 48 47 47 46 46 47 48 49 51 53 55 56 58 60 61 62 63 64 64 64 64 63 62 59 57 54 52 49 48 48 48 50 52 55 57 60 63 65 66 68 68 68 68 68 67 67 66 66 65 64 62 59 55 51 47 42 38
54 55 54 53 52 50 48 46 45 43 42 42 42 43 45 47 49 51 54 56 58 60 62 63 64 64 65 64 64 63 62 60 58 56 54 52 50 49 48 47 47 46 46 46 46 47 48 50 52 55 57 58 60 61 62 63 64 65 65 64 64 62 60 58 55 52 50 49 48 48 49 51 53 56 58 61 63 64 66 66 67 67 66 66 66 65 65 65 63 62 59 56 51 47 42 38
54 54 53 52 51 49 47 44 42 40 39 38 38 39 40 42 44 47 49 56 55 57 59 60 61 62 62 61 61 60 59 57 56 54 52 51 50 49 48 47 47 46 46 46 46 47 48 50 52 55 57 59 60 61 62 63 64 65 65 65 64 63 61 59 56 54 51 49 48 48 48 50 52 54 56 59 61 62 64 64 65 65 65 65 65 65 65 64 64 62 59 56 52 47 42 38
53 53 52 51 50 48 45 43 40 38 37 36 35 36 36 38 40 43 46 49 52 54 56 58 58 59 58 58 58 57 56 55 54 52 51 50 49 49 48 47 47 46 46 46 47 47 49 50 53 55 57 59 60 61 62 63 64 65 66 66 65 64 63 61 58 55 52 50 48 47 48 49 50 53 55 57 59 61 62 63 64 64 64 65 65 65 65 65 64 63 60 57 53 48 44 40
52 52 51 50 48 46 44 42 39 37 36 34 34 34 34 36 38 40 43 47 50 52 54 55 56 56 56 55 55 54 53 53 52 51 51 50 49 49 48 48 47 47 47 47 47 48 49 51 53 55 56 58 59 61 62 63 64 65 66 67 67 66 65 63 60 57 53 51 49 48 47 48 50 52 54 56 58 60 62 63 63 64 64 65 65 66 66 66 65 64 62 58 54 50 46 42
51 51 50 49 47 45 43 41 39 37 35 34 33 33 33 34 36 39 42 45 48 51 53 54 54 54 54 53 52 52 52 51 51 51 51 50 50 49 49 48 48 48 47 47 48 49 50 51 53 54 56 57 59 60 61 63 64 65 66 67 68 67 66 64 61 58 55 52 49 48 48 48 50 52 54 56 58 60 62 63 64 64 65 66 66 67 68 68 67 65 63 60 56 52 48 45
49 49 49 48 46 45 43 41 39 37 36 34 33 33 33 35 36 39 42 45 48 51 52 53 53 53 53 52 51 51 51 51 51 51 51 51 51 50 50 49 49 48 48 48 49 49 50 51 53 54 55 57 58 59 61 62 64 65 66 68 68 68 67 65 62 59 56 53 51 49 49 50 51 53 55 57 59 61 62 64 65 65 66 67 68 69 69 69 69 67 65 62 58 55 51 48
48 48 47 46 45 44 42 41 39 38 37 35 35 34 35 36 38 40 43 46 49 51 53 54 54 53 53 52 51 51 51 51 52 52 52 52 52 52 51 50 50 50 49 49 50 50 51 52 53 54 55 56 57 59 60 62 63 65 66 68 68 68 67 66 63 61 57 55 52 51 51 52 53 54 56 58 60 62 63 65 66 67 68 69 70 71 71 71 70 69 67 64 61 57 54 52
47 47 46 45 44 43 42 41 40 39 38 37 36 36 37 38 40 43 45 48 51 53 54 55 55 55 54 53 53 52 52 53 53 53 54 54 53 53 53 52 51 51 51 51 51 52 52 53 53 54 55 56 57 58 60 61 63 64 66 67 68 68 67 66 64 61 59 57 55 54 54 54 55 57 59 60 62 63 64 65 67 68 69 70 71 72 73 73 72 70 68 66 63 60 57 55
46 46 45 44 44 43 42 42 41 40 39 39 38 38 39 40 43 45 48 51 53 56 57 57 57 57 56 55 55 54 54 54 55 55 55 55 55 55 54 54 53 53 53 53 53 54 54 54 54 55 55 56 57 58 59 61 62 64 65 66 67 67 67 66 64 62 60 59 58 57 57 57 58 59 61 62 63 64 65 66 67 68 69 71 72 73 74 74 73 71 69 67 64 62 60 58
45 45 44 44 44 43 43 42 42 42 41 40 40 41 42 43 45 48 51 54 56 58 60 60 60 59 58 58 57 57 56 57 57 57 57 57 56 56 56 55 55 55 55 55 56 56 56 56 56 56 56 56 57 58 59 60 61 63 64 65 66 66 66 66 65 63 62 61 60 60 60 61 61 62 63 63 64 65 66 66 67 68 70 71 72 73 74 74 73 72 70 68 66 64 62 60
44 44 44 44 44 44 44 44 44 43 43 42 42 43 44 46 48 51 54 57 59 61 63 63 63 62 61 60 60 59 59 58 58 58 58 58 57 57 57 57 57 57 58 58 58 58 58 58 57 57 56 56 57 57 58 59 60 62 63 64 65 65 66 66 65 65 64 64 64 64 64 64 64 64 64 64 65 65 65 66 67 68 69 71 72 73 73 73 73 72 70 68 67 65 64 63
44 44 44 44 45 45 46 46 46 45 45 45 44 45 46 48 51 54 57 60 62 64 65 65 65 65 64 63 62 61 60 60 59 59 58 58 58 58 58 58 59 59 60 60 60 61 60 60 59 58 57 57 57 57 57 58 60 61 62 63 64 65 65 66 66 66 66 66 66 67 67 67 67 66 66 65 65 65 65 65 66 67 68 70 71 72 72 72 72 71 70 69 67 66 65 64
44 44 45 46 47 47 48 48 48 48 47 47 47 47 48 50 53 56 59 62 64 66 67 68 68 67 66 65 64 63 62 61 60 59 58 58 58 58 58 59 59 60 61 62 62 63 62 62 61 59 58 57 57 57 57 58 59 60 61 63 64 65 66 66 67 68 68 69 69 69 69 69 69 68 66 65 64 64 64 64 64 65 67 68 69 70 71 71 71 70 69 68 68 67 66 66
44 45 46 47 49 50 51 51 51 50 50 49 49 49 50 52 54 57 60 63 66 68 69 69 69 69 68 67 66 64 62 61 60 59 58 57 57 57 58 58 59 61 62 63 64 65 64 64 62 61 59 58 57 56 56 57 58 59 61 62 63 65 66 67 68 69 70 71 71 72 71 71 70 68 67 65 64 63 62 62 63 63 65 66 67 68 69 69 69 69 68 68 67 67 67 67
44 45 47 49 51 53 54 54 54 53 52 51 51 51 52 53 55 58 61 64 66 68 70 70 70 70 69 68 66 65 63 61 59 58 57 57 56 56 57 58 59 60 62 64 65 66 66 65 64 62 60 58 57 56 56 56 57 58 60 61 63 65 66 68 69 70 71 72 73 73 73 72 71 69 67 65 63 62 61 61 61 62 62 63 64 65 66 66 67 67 67 67 67 67 67 67
45 46 49 49 54 55 56 56 56 55 54 53 52 52 53 54 56 58 61 64 67 68 70 71 71 70 69 68 67 65 63 61 59 57 56 55 55 55 56 57 58 60 62 63 65 66 67 66 65 63 61 59 57 56 55 55 56 57 59 61 63 65 66 68 70 71 72 73 74 74 73 72 71 69 67 65 63 62 61 60 60 60 60 61 62 62 63 64 64 64 65 66 66 67 67 68
45 48 50 53 56 57 58 58 58 57 56 54 54 53 54 55 56 58 61 64 66 68 69 70 71 70 70 68 67 65 63 60 58 57 55 54 54 54 55 56 57 59 61 63 65 66 67 67 66 64 62 60 57 56 55 55 55 56 58 60 62 64 66 68 70 71 72 73 74 74 73 72 71 69 67 66 64 62 61 59 59 58 59 59 59 60 60 61 61 62 63 64 65 66 67 68
