lus_demo/data/Current_situation/Thematic_maps/Residential/AttractivitySurroundings.asc
ncols         540
nrows         650
xllcorner     10000
yllcorner     300000
cellsize      500
NODATA_value  -9999
[rows 378 to 440 of 650, columns 96 to 191 of 540]
0 0 0 0 0 0 0 0 0 0 72 70 68 66 63 61 57 54 51 48 45 43 41 40 39 38 37 37 36 35 35 34 33 32 31 30 30 30 31 32 34 34 35 35 35 35 34 33 31 30 28 27 26 26 25 25 26 26 26 25 25 24 24 24 24 23 23 23 23 23 24 24 25 25 26 26 26 26 27 28 29 32 34 37 40 43 46 48 49 51 51 51 51 51 51 50
0 0 0 0 0 0 0 0 0 74 72 70 67 65 62 60 57 54 51 48 45 43 42 40 39 38 38 37 36 36 35 35 34 33 32 31 30 30 30 31 31 32 35 33 33 32 31 30 29 28 27 26 25 25 25 25 26 26 26 26 26 25 25 24 24 24 23 23 23 23 23 24 24 25 25 25 25 26 27 28 30 33 35 38 41 44 47 49 51 52 53 53 53 52 52 51
0 0 0 0 0 0 0 0 75 73 71 68 66 64 61 58 56 53 50 48 45 44 42 40 39 38 38 37 37 37 36 35 35 33 32 31 30 30 29 29 29 30 30 30 33 30 29 28 27 26 25 25 24 25 25 25 26 26 27 27 26 26 25 25 24 24 24 23 23 23 23 24 24 24 25 25 25 26 27 29 31 33 36 39 42 45 47 50 52 53 54 54 54 54 53 52
0 0 0 0 0 0 0 0 74 72 69 67 65 62 60 57 54 52 50 48 46 44 42 41 39 39 38 38 37 37 37 36 35 34 33 31 30 29 28 28 28 28 28 28 28 30 29 27 26 26 25 25 24 25 25 26 26 27 27 27 27 27 26 25 25 24 24 24 24 24 24 24 25 25 25 25 25 26 27 29 31 33 36 38 41 44 47 50 52 54 55 55 55 55 54 53
0 0 0 0 0 0 0 0 73 71 68 66 63 61 58 56 53 51 49 47 46 44 42 41 40 39 38 38 38 38 38 37 36 35 33 32 30 29 28 27 26 26 27 27 27 27 27 27 26 26 25 25 25 25 25 26 27 27 28 28 28 27 27 26 25 25 25 25 25 25 25 25 25 26 26 26 26 26 27 29 30 33 35 37 40 43 46 49 52 54 55 56 56 55 55 54
0 0 0 0 0 0 0 0 0 70 67 64 62 60 57 55 52 50 49 47 45 43 42 41 40 39 39 38 38 38 38 38 37 36 34 33 31 29 27 26 26 26 26 26 27 27 27 27 27 27 26 26 25 26 26 26 27 28 28 29 28 28 27 27 26 26 26 26 26 26 26 27 27 27 27 27 27 27 27 28 30 32 34 36 39 41 44 47 50 52 54 55 56 55 55 54
0 0 0 0 0 0 0 0 0 69 66 64 61 59 56 54 52 49 48 46 45 43 42 40 40 39 39 38 39 39 39 38 38 37 35 34 32 30 28 27 26 26 26 27 27 28 28 28 28 28 27 27 27 27 27 27 28 29 29 29 29 29 28 28 27 27 27 27 27 28 28 28 28 28 28 27 27 27 27 28 29 31 32 34 37 39 42 45 48 50 52 54 54 54 54 53
0 0 0 0 0 0 0 0 0 0 66 63 60 58 55 53 51 49 47 45 44 43 41 40 40 39 39 39 39 39 39 39 39 38 35 35 33 31 30 28 27 27 27 28 28 29 30 30 30 29 29 29 29 29 29 29 29 30 30 31 30 30 29 29 28 28 28 29 29 29 30 30 30 29 29 28 28 27 27 28 28 29 31 33 35 37 39 42 45 47 49 51 52 53 53 52
0 0 0 0 0 0 0 0 0 0 0 63 60 58 55 53 50 48 46 44 43 42 41 40 39 39 39 39 39 40 40 40 40 39 38 37 35 34 32 31 30 29 29 30 30 31 31 32 32 31 31 31 31 31 31 31 32 32 32 33 32 32 31 31 30 30 30 31 31 31 32 32 31 31 30 29 28 28 27 27 28 29 30 31 33 35 37 40 42 44 46 48 49 50 50 50
0 0 0 0 0 0 0 0 0 0 0 62 60 58 55 53 50 48 45 43 42 41 40 39 39 39 39 39 40 40 41 41 41 41 40 39 38 36 35 34 33 33 32 32 33 33 33 33 32 33 33 33 33 34 34 35 35 35 35 35 35 35 34 34 33 33 33 33 33 34 34 34 33 32 31 30 29 28 28 28 28 28 29 30 32 33 35 37 39 41 43 44 46 47 47 47
0 0 0 0 0 0 0 0 0 0 0 0 60 58 55 53 50 47 45 42 41 39 39 38 38 39 39 40 40 41 41 42 42 42 42 41 41 39 38 37 37 36 36 35 35 35 35 35 35 35 35 36 36 37 38 38 39 39 39 39 38 38 37 37 36 36 36 36 36 36 36 36 35 34 33 31 30 29 28 28 28 29 29 30 31 32 33 34 36 38 39 41 42 43 44 45
0 0 0 0 0 0 0 0 0 0 0 0 60 58 55 52 49 47 44 42 40 39 38 38 38 39 39 40 41 42 42 43 43 44 44 44 43 43 42 41 41 40 39 38 38 37 37 37 37 37 38 38 39 40 41 42 42 43 43 42 42 41 41 40 39 39 39 39 39 39 39 38 37 36 34 33 32 31 30 30 30 30 30 30 31 31 32 33 34 35 36 38 39 40 41 42
0 0 0 0 0 0 0 0 0 0 0 0 0 57 55 52 49 46 44 41 39 38 38 38 38 39 40 41 42 43 43 44 45 45 46 46 46 46 45 45 44 43 42 41 40 39 39 38 38 39 40 41 42 43 45 46 46 46 46 46 46 45 44 44 43 43 42 42 42 42 41 38 39 38 37 35 34 33 32 32 32 32 32 32 32 32 32 32 32 33 34 35 37 38 39 40
0 0 0 0 0 0 0 0 0 0 0 0 0 57 55 52 49 46 43 41 39 38 38 38 39 40 41 42 43 44 45 45 46 47 48 48 48 49 48 48 48 47 45 44 43 41 40 40 40 40 41 42 44 46 47 49 49 49 49 49 49 48 47 47 46 46 45 45 44 44 43 42 41 40 39 38 37 36 35 35 35 34 34 34 33 33 32 32 32 32 32 33 35 36 37 38
0 0 0 65 0 0 0 0 0 0 0 0 58 57 54 51 49 46 43 41 40 39 39 39 40 41 42 43 44 45 46 46 47 48 49 50 50 51 51 51 50 49 48 47 45 43 42 41 41 41 42 44 46 48 49 51 51 51 51 51 51 50 50 49 49 48 47 47 46 46 45 44 43 43 42 41 40 39 39 39 38 38 37 36 35 34 33 32 31 31 31 32 33 35 36 37
62 63 63 0 0 0 0 0 0 0 0 60 58 57 54 51 48 46 43 41 40 40 40 40 41 42 43 44 45 46 47 47 48 49 50 51 51 52 52 53 52 52 50 49 47 45 44 43 42 42 43 45 47 49 50 51 52 52 52 52 51 50 51 51 50 50 49 48 47 47 46 46 45 45 44 44 43 43 43 43 42 42 41 39 37 35 33 32 31 31 31 31 33 34 35 36
60 60 60 60 60 0 0 0 0 0 59 59 58 54 54 51 48 46 44 42 41 41 41 42 43 44 45 46 47 47 48 48 49 49 50 51 52 53 53 54 54 54 53 51 49 47 45 44 43 43 44 45 47 49 50 51 52 52 52 52 51 51 51 51 51 50 49 48 47 47 46 46 46 46 46 46 46 47 47 47 46 45 44 42 40 37 34 32 31 30 30 31 32 33 34 34
57 58 58 58 58 57 0 0 0 57 57 59 59 54 51 51 48 46 44 43 42 42 43 43 44 45 46 47 48 48 48 49 49 50 50 51 52 53 54 55 55 55 55 53 52 50 48 46 45 45 45 46 47 49 50 50 51 51 51 51 51 50 50 50 50 49 48 47 46 46 46 46 46 47 46 48 46 49 50 50 49 48 46 44 41 38 35 32 31 30 29 31 30 32 32 33
55 56 56 56 56 56 55 55 54 54 54 53 53 51 51 51 46 46 46 44 44 44 44 45 46 47 48 48 49 49 49 49 49 50 50 51 52 53 54 55 56 56 56 55 54 52 50 48 46 46 46 46 47 49 49 49 49 49 49 49 49 49 49 48 48 47 46 45 44 44 44 44 45 46 48 49 50 51 52 52 51 50 48 46 43 39 36 32 30 29 28 28 29 30 31 31
53 54 54 55 55 55 55 54 54 53 53 53 53 53 53 46 46 46 46 44 46 46 44 45 46 48 49 49 50 50 50 49 49 49 50 51 52 53 54 55 56 57 57 57 55 54 52 50 48 47 46 47 47 47 47 48 47 47 47 47 47 47 46 46 46 45 44 43 42 42 42 43 44 45 47 49 50 51 52 53 53 51 49 47 44 40 36 33 30 28 27 27 27 28 29 29
51 52 53 54 54 54 54 54 54 53 53 53 53 53 53 53 53 46 46 46 46 46 46 45 50 50 50 50 50 50 50 50 49 49 50 51 52 53 54 56 57 58 58 58 57 55 53 51 50 48 47 47 47 47 46 46 46 45 45 45 44 44 44 44 43 42 41 40 40 40 40 41 42 44 46 48 49 51 52 53 53 52 50 47 44 40 36 32 29 27 26 25 25 26 26 27
50 51 52 53 54 54 54 54 54 54 53 53 53 53 53 53 53 53 46 46 46 46 46 50 50 50 51 51 51 50 50 50 50 50 50 51 52 53 54 56 57 58 59 59 58 56 55 53 51 49 48 47 47 46 46 45 45 44 44 43 43 42 42 41 41 40 39 38 38 38 38 39 41 42 44 46 48 50 51 52 52 51 49 47 44 40 36 32 29 26 25 24 23 24 24 25
50 51 53 54 55 55 55 55 54 54 53 53 52 52 53 53 53 53 53 53 53 46 46 50 50 51 51 51 51 50 50 50 50 50 50 51 52 53 55 56 57 58 59 59 58 57 55 53 51 50 49 48 47 46 46 45 44 43 43 42 41 41 40 39 39 38 37 37 37 37 37 38 40 41 43 45 47 48 49 50 50 50 48 46 43 40 36 32 29 26 24 23 22 22 23 24
50 51 54 55 56 56 56 56 55 54 53 53 52 52 52 52 53 53 53 53 53 53 53 52 51 51 51 51 51 50 50 50 50 51 51 51 52 53 55 56 57 58 58 58 58 56 55 53 51 50 49 48 47 46 46 45 44 43 42 41 40 39 38 38 37 37 36 36 36 36 37 38 39 41 42 43 45 46 47 48 48 48 47 45 42 39 36 32 29 26 23 22 21 21 22 23
50 55 55 57 58 58 57 57 56 55 53 52 52 51 51 52 52 52 53 53 53 53 52 52 52 51 51 51 51 50 50 50 51 51 52 52 53 54 55 56 57 57 57 57 57 56 54 52 51 50 49 48 47 47 46 45 44 42 41 40 39 38 37 37 36 36 36 36 36 37 38 39 40 41 42 43 44 45 46 46 46 46 45 43 41 38 35 32 29 26 23 22 21 21 21 23
55 55 55 59 59 59 59 57 56 55 53 52 51 51 51 51 51 52 52 53 53 53 52 52 51 51 51 51 51 50 50 51 51 51 52 53 53 54 55 55 56 56 56 56 55 54 53 52 50 49 48 48 47 47 46 45 43 42 40 39 38 37 36 36 36 36 36 37 37 38 39 40 41 41 42 43 43 44 44 45 45 44 43 42 40 38 35 32 29 26 24 22 21 21 22 24
55 55 59 59 61 60 60 58 57 55 53 52 51 50 50 50 51 51 52 52 52 52 52 52 51 51 51 51 51 51 51 51 51 53 53 53 54 54 54 55 55 55 55 54 54 53 52 51 50 49 48 48 47 47 46 45 43 41 40 38 37 36 35 35 35 36 37 38 39 40 40 41 42 42 42 43 43 43 44 44 43 43 42 41 39 37 35 32 30 27 25 24 23 23 24 25
55 59 59 61 61 61 60 59 57 55 53 52 51 50 49 49 50 50 51 51 51 52 52 51 51 51 51 51 51 51 51 51 53 53 53 53 54 54 54 54 54 54 53 53 52 51 50 50 49 48 48 48 47 47 46 44 43 41 39 37 36 35 35 35 36 37 38 39 40 41 42 42 43 43 43 43 43 43 43 43 42 42 41 40 38 36 35 32 30 28 27 25 25 25 26 28
48 59 61 61 61 61 60 59 57 55 53 52 50 49 49 49 49 50 50 50 51 51 51 50 50 50 51 51 51 51 51 51 54 54 54 54 54 54 54 53 53 53 52 51 51 50 49 49 49 48 48 47 47 46 45 44 42 40 38 37 35 35 34 35 36 37 39 40 41 42 43 43 43 44 44 43 43 43 43 43 42 41 40 39 38 36 35 33 31 30 28 27 27 28 29 31
51 53 61 61 61 61 60 59 57 55 54 52 50 49 48 48 48 49 49 50 50 50 50 49 49 50 50 50 51 51 51 51 54 54 54 54 54 54 53 53 52 52 51 51 50 50 49 49 48 48 48 47 47 46 45 43 41 40 38 36 35 34 35 35 36 38 40 41 42 43 44 44 44 44 44 44 44 43 43 43 42 41 40 39 38 37 35 34 32 31 30 30 30 31 33 35
51 53 53 61 61 61 60 59 57 56 54 52 50 49 48 48 48 48 48 49 49 49 49 49 49 49 49 49 50 50 50 50 50 54 54 54 54 54 53 53 52 51 51 50 50 49 49 49 49 48 48 47 47 46 44 43 41 39 37 36 35 34 35 36 37 39 41 42 43 44 44 45 45 45 44 44 44 44 44 43 42 42 41 40 39 37 36 35 34 33 32 32 33 35 37 39
51 53 53 60 60 60 59 59 57 56 54 52 50 49 48 47 47 47 48 48 48 48 48 48 48 48 48 49 49 50 50 50 50 50 54 54 54 53 53 53 52 51 51 51 50 50 50 49 49 49 48 48 47 46 44 42 40 38 37 35 35 35 35 36 38 40 41 43 44 45 45 45 45 45 44 44 44 44 44 43 43 42 41 41 40 38 37 36 35 35 35 36 37 39 41 44
51 53 53 59 59 59 59 58 57 56 54 52 51 49 48 47 47 47 47 47 47 47 47 47 47 47 48 48 49 49 50 50 50 50 50 54 53 53 53 52 52 52 51 51 51 51 50 50 50 49 49 48 47 46 44 42 40 38 37 35 35 35 36 37 39 41 42 43 44 45 45 45 45 45 45 44 44 44 44 44 43 43 42 42 41 40 39 38 37 37 38 39 41 43 46 49
51 52 52 58 58 58 58 58 57 56 54 53 51 49 48 47 47 47 47 46 46 46 46 46 46 47 47 48 48 49 49 50 50 50 50 51 53 53 53 52 52 52 52 52 52 52 51 51 51 50 49 49 47 46 44 42 40 38 37 36 35 35 36 38 40 41 43 44 45 45 45 45 45 45 45 45 44 44 44 44 44 44 43 43 42 41 40 39 39 40 41 43 45 48 51 54
51 52 52 53 57 57 57 57 57 56 54 53 51 50 49 48 47 47 46 46 46 46 46 46 46 46 47 48 48 49 49 49 50 50 50 51 51 53 53 53 53 53 52 52 52 53 53 53 52 51 50 49 48 46 44 42 40 38 37 36 36 36 37 39 40 42 44 45 46 46 46 46 46 45 45 45 45 45 45 45 45 44 44 44 43 42 42 41 41 42 44 46 49 52 55 58
51 52 53 53 56 56 57 57 57 56 55 53 52 50 49 48 47 47 46 46 46 46 46 46 46 46 47 47 48 48 49 49 49 50 50 51 51 52 52 53 53 53 54 54 54 53 53 53 53 53 52 50 49 47 44 42 40 39 38 37 37 37 38 40 41 43 44 45 46 47 47 47 47 46 46 45 45 45 45 45 45 45 45 45 44 44 43 43 43 44 46 49 52 55 58 61
53 53 53 53 56 56 57 57 57 56 55 54 52 51 50 48 48 47 47 46 46 46 46 46 46 46 46 47 48 48 48 49 49 49 49 50 51 51 52 53 53 54 54 54 55 55 55 55 53 53 53 51 49 47 45 43 41 39 38 38 38 39 40 41 43 44 45 47 47 48 48 48 48 48 47 46 46 46 45 45 46 46 46 46 46 45 45 45 46 47 48 51 54 58 61 65
53 53 53 53 53 56 57 57 57 56 55 54 53 51 50 49 48 48 47 47 46 46 46 46 46 46 46 47 47 48 48 48 48 48 49 49 50 50 53 53 53 53 54 55 55 56 56 56 56 55 53 51 50 48 46 44 42 40 40 39 39 40 41 43 44 45 47 48 49 49 50 50 50 49 49 48 47 47 46 46 46 47 47 47 47 47 47 47 47 49 50 53 56 60 64 67
52 53 53 53 53 54 57 57 57 56 56 54 53 52 51 50 49 48 48 47 47 47 46 46 46 46 46 46 47 47 47 47 48 48 48 48 49 49 49 48 53 53 53 54 55 56 57 57 57 56 55 54 50 49 46 44 43 42 41 41 41 42 43 44 45 47 48 49 50 51 52 52 52 52 51 50 49 48 48 47 48 48 48 48 48 49 48 48 49 50 52 54 57 61 65 68
52 53 53 53 54 54 57 57 57 57 56 55 54 53 51 50 50 49 48 48 48 47 47 47 46 46 46 46 46 46 46 46 47 47 47 47 47 48 48 48 46 53 53 54 54 55 56 57 57 57 56 54 54 49 46 45 44 43 42 42 43 43 44 46 47 48 50 51 52 53 54 55 55 54 53 52 51 50 49 49 49 49 49 50 50 50 50 50 50 51 53 55 57 61 64 68
51 53 53 53 54 54 58 58 58 57 56 55 54 53 52 51 50 50 49 49 48 48 47 47 46 46 46 46 45 45 45 45 45 45 45 45 46 46 46 46 46 44 53 54 54 55 56 56 56 57 56 56 54 49 45 45 44 45 44 44 45 45 46 47 49 50 51 53 54 56 57 57 57 57 56 55 54 52 51 51 51 51 51 51 51 51 51 51 51 51 52 55 57 61 64 64
51 51 53 53 54 54 58 58 58 58 57 56 55 54 53 52 51 50 50 49 49 48 48 47 46 46 45 45 44 44 44 44 44 44 44 44 44 44 44 44 44 44 42 43 43 55 56 56 56 56 56 56 56 45 45 45 45 45 47 47 47 47 48 49 50 52 53 55 56 58 59 60 60 60 59 57 56 55 53 53 52 52 52 52 52 52 52 51 51 51 51 52 52 61 64 46
50 50 49 49 48 54 58 58 58 58 57 56 55 54 53 53 52 51 50 50 49 49 48 47 46 45 45 44 43 43 43 42 42 42 42 42 42 42 42 42 42 42 42 43 43 42 56 56 56 56 56 44 45 45 49 48 48 48 49 47 47 50 50 51 52 53 55 57 58 60 61 62 62 62 61 60 58 57 55 54 54 53 53 53 53 52 52 51 50 49 49 49 49 45 45 46
49 49 49 48 48 47 58 58 58 58 57 57 56 55 54 53 52 52 51 50 50 49 48 47 46 45 44 43 43 42 41 41 41 41 41 41 41 41 40 40 40 40 40 41 42 42 41 43 43 44 44 44 45 45 45 49 50 50 49 49 50 50 50 51 52 53 55 58 60 62 64 65 65 64 63 62 60 59 57 55 54 54 53 53 52 52 52 52 50 49 46 46 46 45 45 46
48 48 48 48 47 47 47 58 58 58 57 57 56 56 55 53 52 52 51 51 50 49 48 47 46 45 44 43 42 41 41 40 40 40 40 40 40 40 39 39 39 39 39 40 40 41 41 43 43 44 44 44 45 45 45 49 49 51 51 51 50 50 50 51 52 53 58 58 60 62 65 66 67 66 65 64 62 60 58 56 54 53 53 53 52 52 45 46 46 45 43 42 42 41 41 42
48 48 48 47 47 47 47 58 58 57 57 57 56 56 55 55 52 52 51 51 50 49 48 47 46 45 44 43 42 41 40 40 39 39 39 39 39 39 39 39 39 39 39 39 40 41 42 43 43 44 44 44 45 45 48 48 49 50 50 50 47 47 47 47 47 58 58 58 60 65 65 66 67 67 66 65 62 60 57 55 54 53 53 53 52 42 45 45 43 42 41 40 39 38 38 39
47 47 47 47 47 47 46 44 44 44 57 56 56 56 55 55 55 51 51 51 49 49 48 47 46 45 44 43 42 41 40 40 39 39 39 39 39 39 39 39 39 39 39 39 40 41 42 43 43 44 44 44 45 45 46 47 48 49 49 47 47 47 47 47 47 46 46 46 65 65 65 66 67 67 66 64 62 60 57 55 55 53 40 40 40 42 42 42 41 40 39 38 37 36 36 37
47 47 47 46 46 46 44 44 44 44 44 42 56 56 55 55 43 43 44 49 49 49 47 47 46 45 44 43 42 41 40 40 40 40 40 40 40 40 39 39 39 39 40 40 41 42 42 43 44 44 45 45 45 46 46 47 47 47 47 47 47 47 47 47 47 46 46 45 45 45 65 67 67 67 64 64 64 60 48 48 44 41 40 40 40 40 40 40 39 39 38 36 36 35 35 36
47 46 46 46 46 46 44 44 44 44 42 42 42 41 41 43 43 43 44 46 48 49 48 47 47 46 45 44 43 42 41 41 41 41 41 41 41 41 40 40 40 40 41 41 42 43 43 44 45 45 45 46 46 46 46 46 47 46 45 45 45 45 44 45 45 46 46 45 45 46 48 50 52 53 56 56 55 53 48 48 44 41 39 38 37 38 38 38 38 38 37 35 34 34 34 34
46 46 45 45 45 44 44 44 44 44 42 42 41 41 41 41 43 43 44 46 48 49 48 48 48 47 46 45 44 43 42 42 42 42 42 42 42 42 42 42 42 42 42 43 43 44 44 45 45 46 46 46 46 46 46 44 44 46 44 43 43 42 42 42 43 44 44 45 45 46 48 50 52 53 56 56 55 53 50 46 42 39 37 38 36 37 37 38 38 37 36 35 34 33 33 33
45 45 44 44 44 43 43 43 43 42 42 42 41 41 41 41 43 43 44 46 48 0 0 49 48 47 46 45 44 44 44 43 43 43 43 43 43 43 43 43 43 43 43 44 44 45 45 46 46 46 47 47 47 47 44 44 44 43 42 41 41 40 41 41 41 42 43 44 45 46 48 50 52 53 54 54 53 53 49 45 42 39 37 36 36 37 37 37 37 36 35 34 33 32 31 32
44 44 43 43 43 43 42 42 42 42 41 41 41 41 41 41 0 0 0 0 0 0 0 0 51 51 46 45 44 44 44 45 45 45 45 45 45 45 45 45 45 45 45 45 45 46 46 47 47 47 47 47 47 47 42 42 42 41 40 39 39 39 39 39 40 41 42 43 44 45 46 48 49 51 52 52 52 50 48 45 42 40 38 37 37 37 37 37 37 36 35 33 32 31 31 31
43 43 43 42 42 42 42 42 42 41 41 41 40 40 40 0 0 0 0 0 0 0 0 0 0 54 54 44 44 44 45 45 46 46 46 46 46 46 46 46 46 46 46 46 47 47 47 48 48 48 48 48 47 47 41 41 41 39 38 37 37 37 37 38 39 39 40 41 42 43 44 46 47 49 50 50 50 49 48 45 42 41 39 38 37 37 37 37 36 35 34 33 31 30 30 30
42 42 42 42 42 42 42 42 42 42 41 41 40 40 40 0 0 0 0 0 0 0 0 0 0 56 56 56 44 45 45 46 46 47 47 47 47 47 47 47 47 47 47 48 48 48 49 49 49 49 48 48 48 42 41 41 39 38 37 36 36 36 36 36 37 38 39 40 41 42 43 44 45 47 48 48 49 48 47 45 45 41 39 38 37 37 37 36 36 35 34 32 31 30 30 30
42 41 41 42 42 42 42 42 42 42 42 41 41 40 40 0 0 0 0 0 0 0 0 0 0 57 57 59 59 62 46 46 47 47 48 48 48 48 48 48 48 48 49 49 50 50 50 50 49 49 49 48 43 42 42 40 38 37 36 35 35 35 35 35 36 37 38 39 39 40 41 42 44 45 46 46 47 47 46 45 43 41 40 38 37 37 36 35 35 34 33 32 31 30 30 30
41 41 42 42 42 43 43 43 43 43 42 42 41 41 41 0 0 0 0 0 0 0 0 0 0 57 59 59 62 62 62 47 47 48 48 48 49 49 49 49 50 50 51 49 50 50 50 50 50 49 49 44 43 43 41 39 37 36 35 35 34 34 34 35 35 36 37 37 38 39 39 40 42 43 44 44 45 45 45 44 42 41 39 38 37 36 35 35 34 34 33 32 31 31 30 30
42 42 42 43 43 44 44 44 44 44 43 43 42 42 41 0 0 0 0 0 0 0 0 0 0 58 59 59 62 62 62 62 48 48 48 49 49 49 49 49 50 50 51 51 50 50 50 50 51 49 45 44 44 42 40 38 37 36 35 35 34 34 34 35 35 36 36 37 37 38 38 39 40 41 41 42 43 43 43 42 41 40 39 37 36 35 35 35 34 34 33 33 32 32 31 31
43 44 44 44 45 45 46 46 46 45 45 44 43 42 0 0 0 0 45 47 49 50 0 0 0 0 0 0 62 62 62 62 60 48 49 49 49 49 49 49 50 50 51 51 56 56 53 53 51 49 45 45 43 41 39 38 37 36 35 35 35 35 35 35 36 36 36 36 37 37 37 37 38 39 39 40 40 41 41 40 40 39 38 37 36 35 35 35 35 34 34 34 34 33 33 32
45 45 46 46 47 47 48 48 48 47 46 45 44 0 0 0 0 44 45 47 48 49 51 52 0 0 0 0 0 61 61 61 60 60 60 56 49 58 58 58 58 58 58 58 56 56 53 53 51 49 47 44 42 40 38 37 37 36 36 36 36 36 36 37 37 37 37 37 37 37 37 37 37 37 38 38 38 39 39 39 38 38 37 36 35 35 35 35 35 35 36 36 36 35 35 34
47 48 48 48 49 49 50 50 50 49 48 47 0 0 0 0 44 45 46 47 48 49 50 52 53 55 0 0 0 60 61 61 60 60 56 56 56 56 58 58 58 58 58 58 56 56 55 53 51 48 46 43 41 39 38 37 37 36 37 37 37 38 38 38 38 38 38 38 37 37 37 37 36 36 36 37 37 37 37 37 37 36 36 35 35 35 35 35 36 37 38 38 38 38 37 36
49 50 50 50 51 51 52 52 0 51 50 0 0 0 0 0 45 45 46 46 47 48 50 51 53 55 57 58 0 61 61 61 60 60 56 56 56 56 58 58 58 58 58 58 57 56 54 52 50 48 45 43 41 39 38 37 37 37 38 38 39 40 40 40 40 40 39 39 39 38 38 37 37 36 36 36 36 36 36 36 36 36 35 35 35 35 36 36 38 39 40 41 41 40 39 38
52 52 52 52 53 53 53 0 0 0 0 0 0 0 0 0 0 0 46 47 47 48 49 51 53 55 57 58 59 60 60 59 58 57 56 56 56 56 57 58 58 58 58 57 56 55 53 51 49 47 45 42 40 38 37 37 37 38 39 40 41 42 42 42 42 42 41 40 40 39 39 38 37 36 36 35 35 35 35 35 35 35 35 35 36 36 37 38 40 41 43 43 43 43 42 40
54 54 54 54 0 0 0 0 0 0 0 0 0 0 0 0 0 0 0 47 48 48 50 51 53 55 57 58 59 59 59 58 57 56 55 54 54 55 56 56 57 57 56 56 55 54 52 50 48 46 44 42 40 38 37 37 38 39 40 42 43 44 44 44 44 43 43 42 41 40 39 38 37 37 36 35 35 35 35 35 35 35 36 36 37 37 39 40 42 44 45 46 46 45 44 42
