lus_demo/data/Current_situation/Thematic_maps/Safety/Waterdepth.asc
ncols         540
nrows         650
xllcorner     10000
yllcorner     300000
cellsize      500
NODATA_value  -9999
[rows 350 to 384 of 650, columns 316 to 394 of 540]
2.72 2.6 1.44 0.96 0.76 0.3076923 -9999 -9999 -9999 -9999 -9999 -9999 -9999 -9999 -9999 -9999 -9999 -9999 -9999 -9999 -9999 -9999 -9999 -9999 -9999 -9999 -9999 -9999 -9999 -9999 -9999 -9999 -9999 -9999 -9999 -9999 -9999 -9999 -9999 -9999 -9999 -9999 -9999 -9999 -9999 -9999 -9999 -9999 -9999 -9999 -9999 -9999 -9999 -9999 -9999 -9999 -9999 -9999 -9999 -9999 -9999 -9999 -9999 -9999 -9999 -9999 -9999 -9999 -9999 -9999 -9999 -9999 -9999 -9999 -9999 -9999 -9999 -9999 -9999
3.92 3.2 2.48 1.44 1.2 1.043478 0.6363636 -9999 -9999 -9999 -9999 -9999 -9999 -9999 -9999 -9999 -9999 -9999 -9999 -9999 -9999 -9999 -9999 -9999 -9999 -9999 -9999 -9999 -9999 -9999 -9999 -9999 -9999 -9999 -9999 -9999 -9999 -9999 -9999 -9999 -9999 -9999 -9999 -9999 -9999 -9999 -9999 -9999 -9999 -9999 -9999 -9999 -9999 -9999 -9999 -9999 -9999 -9999 -9999 -9999 -9999 -9999 -9999 -9999 -9999 -9999 -9999 -9999 -9999 -9999 -9999 -9999 -9999 -9999 -9999 -9999 -9999 -9999 -9999
3.625 3.6 2.72 2.4 1.32 1 0.4615385 0 -9999 -9999 -9999 -9999 -9999 -9999 -9999 -9999 -9999 -9999 -9999 -9999 -9999 -9999 -9999 -9999 -9999 -9999 -9999 -9999 -9999 -9999 -9999 -9999 -9999 -9999 -9999 -9999 -9999 -9999 -9999 -9999 -9999 -9999 -9999 -9999 -9999 -9999 -9999 -9999 -9999 -9999 -9999 -9999 -9999 -9999 -9999 -9999 -9999 -9999 -9999 -9999 -9999 -9999 -9999 -9999 -9999 -9999 -9999 -9999 -9999 -9999 -9999 -9999 -9999 -9999 -9999 -9999 -9999 -9999 -9999
4 3.44 2.96 2.76 2 1.76 1.363636 0.8 0 -9999 -9999 -9999 -9999 -9999 -9999 -9999 -9999 -9999 -9999 -9999 -9999 -9999 -9999 -9999 -9999 -9999 -9999 -9999 -9999 -9999 -9999 -9999 -9999 -9999 -9999 -9999 -9999 -9999 -9999 -9999 -9999 -9999 -9999 -9999 -9999 -9999 -9999 -9999 -9999 -9999 -9999 -9999 -9999 -9999 -9999 -9999 -9999 -9999 -9999 -9999 -9999 -9999 -9999 -9999 -9999 -9999 -9999 -9999 -9999 -9999 -9999 -9999 -9999 -9999 -9999 -9999 -9999 1 1.75
4 3.52 2.96 2.68 2.48 2 1.833333 1 0 -9999 -9999 -9999 -9999 -9999 -9999 -9999 -9999 -9999 -9999 -9999 -9999 -9999 -9999 -9999 -9999 -9999 -9999 -9999 -9999 -9999 -9999 -9999 -9999 -9999 -9999 -9999 -9999 -9999 -9999 -9999 -9999 -9999 -9999 -9999 -9999 -9999 -9999 -9999 -9999 -9999 -9999 -9999 -9999 -9999 -9999 -9999 -9999 -9999 -9999 -9999 -9999 -9999 -9999 -9999 -9999 -9999 -9999 -9999 -9999 -9999 -9999 -9999 -9999 -9999 -9999 9 1 0.9411765 1.136364
3.96 3.68 3.08 3 2.48 2.16 1.64 0.9166667 0 -9999 -9999 -9999 -9999 -9999 -9999 -9999 -9999 -9999 -9999 -9999 -9999 -9999 -9999 -9999 -9999 -9999 -9999 -9999 -9999 -9999 -9999 -9999 -9999 -9999 -9999 -9999 -9999 -9999 -9999 -9999 -9999 -9999 -9999 -9999 -9999 -9999 -9999 -9999 -9999 -9999 -9999 -9999 -9999 -9999 -9999 -9999 -9999 -9999 -9999 -9999 -9999 -9999 -9999 -9999 -9999 -9999 -9999 -9999 -9999 -9999 -9999 -9999 -9999 -9999 -9999 9 -9999 0.1666667 0.6666667
3.92 4 3.96 3 2.2 1.96 1.84 1.12 0.2 -9999 -9999 -9999 -9999 -9999 -9999 -9999 -9999 -9999 -9999 -9999 -9999 -9999 -9999 -9999 -9999 -9999 -9999 -9999 -9999 -9999 -9999 -9999 -9999 -9999 -9999 -9999 -9999 -9999 -9999 -9999 -9999 -9999 -9999 -9999 -9999 -9999 -9999 -9999 -9999 -9999 -9999 -9999 -9999 -9999 -9999 -9999 -9999 -9999 -9999 -9999 -9999 -9999 -9999 -9999 -9999 -9999 -9999 -9999 -9999 -9999 -9999 -9999 -9999 -9999 -9999 1 1.125 1.4 1.36
3.12 3.84 4 4 3 2.28 1.48 0.6842105 0 -9999 -9999 -9999 -9999 -9999 -9999 -9999 -9999 -9999 -9999 -9999 -9999 -9999 -9999 -9999 -9999 -9999 -9999 -9999 -9999 -9999 -9999 -9999 -9999 -9999 -9999 -9999 -9999 -9999 -9999 -9999 -9999 -9999 -9999 -9999 -9999 -9999 -9999 -9999 -9999 -9999 -9999 -9999 -9999 -9999 -9999 -9999 -9999 0 1 -9999 -9999 -9999 -9999 -9999 -9999 -9999 -9999 -9999 -9999 -9999 -9999 -9999 -9999 -9999 1.590909 2.04 2.608696 1.636364 1.125
2.88 3.24 4 3.88 3.52 3.2 2.6 0.7857143 1.25 1.681818 0 -9999 -9999 -9999 -9999 -9999 -9999 -9999 -9999 -9999 -9999 -9999 -9999 -9999 -9999 -9999 -9999 -9999 -9999 -9999 -9999 -9999 -9999 -9999 -9999 -9999 -9999 -9999 -9999 -9999 -9999 -9999 -9999 -9999 -9999 -9999 -9999 -9999 -9999 -9999 -9999 -9999 -9999 -9999 -9999 -9999 0 1.083333 2.722222 -9999 -9999 -9999 -9999 -9999 -9999 -9999 -9999 2.428571 1.25 -9999 -9999 -9999 -9999 2.625 2.36 1.92 2.36 2.7 2.619048
2.16 2.76 3.68 3.96 3.84 3.8 2.92 2 1.64 2 1.6 -9999 -9999 -9999 -9999 -9999 -9999 -9999 -9999 -9999 -9999 -9999 -9999 -9999 -9999 -9999 -9999 -9999 -9999 -9999 -9999 -9999 -9999 -9999 -9999 -9999 -9999 -9999 -9999 -9999 -9999 -9999 -9999 -9999 -9999 -9999 -9999 -9999 -9999 -9999 -9999 -9999 0 0 -9999 0 0.6923077 2.166667 3 -9999 -9999 -9999 -9999 -9999 -9999 -9999 2.666667 2.583333 3.36 1.8 -9999 -9999 2.6 2.916667 2.32 2.6 2.2 2.04 2.52
1.84 2.08 3.16 3.92 4 3.96 3.28 2.92 2.64 2.68 2.2 -9999 -9999 -9999 -9999 -9999 -9999 -9999 -9999 -9999 -9999 -9999 -9999 -9999 -9999 -9999 -9999 -9999 -9999 -9999 -9999 -9999 -9999 -9999 -9999 -9999 -9999 -9999 -9999 -9999 -9999 -9999 -9999 -9999 -9999 -9999 -9999 -9999 -9999 -9999 0 1 1.1 0.8 0.1666667 1.285714 2.16 2.705882 -9999 2 2 2 -9999 -9999 -9999 2.857143 3.045455 3.48 3.72 4.08 2.958333 2.227273 2.52 2.48 2.8 3 2.88 2.8 2.88
1.2 2.12 2.68 3.16 4 3.76 3.12 3.12 3 2.8 2 -9999 -9999 -9999 -9999 -9999 -9999 -9999 -9999 -9999 -9999 -9999 -9999 -9999 -9999 -9999 -9999 -9999 -9999 -9999 -9999 -9999 -9999 -9999 -9999 -9999 -9999 -9999 -9999 -9999 -9999 -9999 -9999 -9999 -9999 -9999 -9999 -9999 -9999 1.5 1.25 2.36 2.875 2 1.956522 2.84 3.12 3 2 2 2.291667 2.052632 2.375 2.8 2.923077 3.24 3.8 3.4 3.32 3.2 3.12 2.84 3 3 3 2.68 2.92 3.32 3.12
1.2 2.08 2.24 2.48 3.2 3.28 3 3 3 2.44 2 -9999 -9999 -9999 -9999 -9999 -9999 -9999 -9999 -9999 -9999 -9999 -9999 -9999 -9999 -9999 -9999 -9999 -9999 -9999 -9999 -9999 -9999 -9999 -9999 -9999 -9999 -9999 -9999 -9999 -9999 -9999 -9999 -9999 -9999 0.1666667 0.3125 0.2352941 1.75 2.421053 2.916667 3 3 3 2.818182 3.142857 3.3 -9999 2.333333 2.72 3 3 3 3.08 3.2 3.76 3.52 3.64 3.84 3.72 3.32 3.32 2.96 2.76 2.68 2.84 3 3 3.28
1 1.72 1.88 2.4 2.96 3.04 3 3 3 2.6 1.894737 -9999 -9999 -9999 -9999 -9999 -9999 -9999 -9999 -9999 -9999 -9999 -9999 -9999 -9999 -9999 -9999 -9999 -9999 -9999 -9999 -9999 -9999 -9999 -9999 -9999 -9999 -9999 -9999 -9999 -9999 -9999 -9999 -9999 2 1 0.2 1.130435 2.190476 2.421053 3 2.863636 2.32 2.96 2.863636 2.444444 -9999 -9999 2.461539 3.04 3.08 3.6 3.6 3.76 3.12 3.36 3.04 3.2 3.24 3.56 3 3.24 3.08 3 3 3 3 3 2.8
0.8888889 1.133333 1.88 2.36 2.84 3 3.04 2.96 3 2.32 1.76 1.5 -9999 -9999 -9999 -9999 -9999 -9999 -9999 -9999 -9999 -9999 -9999 -9999 -9999 -9999 -9999 -9999 -9999 -9999 -9999 -9999 -9999 -9999 -9999 -9999 -9999 -9999 -9999 -9999 -9999 -9999 -9999 2.8 3 2.2 1.5 0 -9999 0.9444444 2.3 1.882353 2 2 -9999 -9999 2.75 2.272727 2.28 3.44 3.64 3.8 3.96 3.36 3.04 3.28 3.6 3.72 3.8 3.16 2.8 2.92 3 3 3 3 2.96 3 2.64
-9999 0 1.619048 2.48 2.64 3 3 2.24 2.2 2 1.52 1 -9999 -9999 -9999 -9999 -9999 -9999 -9999 -9999 -9999 -9999 -9999 -9999 -9999 -9999 -9999 -9999 -9999 -9999 -9999 -9999 -9999 1 1.352941 1 1.055556 1.272727 1.888889 2 2.1 1.6 2 2.65 2.24 2 2.052632 2.444444 -9999 -9999 -9999 -9999 2 2 2.5 2.4 2.4 2.375 2.84 3.4 3.32 3.6 3.16 3 3.08 3 3 3 3 3 2.8 3 3 3 2.8 3 2.8 2.72 2.32
-9999 -9999 1 1.578947 2.12 2.92 2.32 2.08 2.04 1.92 1.2 0.6923077 0 -9999 -9999 -9999 -9999 -9999 -9999 -9999 -9999 -9999 -9999 -9999 -9999 -9999 -9999 -9999 -9999 -9999 -9999 -9999 1.333333 1 1.24 1.56 1.72 1.75 2.28 2.12 1.96 1.5 2.125 2.285714 2.16 2.28 2.08 2.44 2.5 -9999 -9999 2 2 2 2.130435 3.130435 2.56 2.88 2.96 3 3 2.695652 3 3 3 3 3 3 2.96 2.44 2.92 3 2.96 2.92 2.84 3 2.6 2 2
-9999 -9999 -9999 1 2.1 2.56 2.08 2 1.76 1.36 1.2 -9999 -9999 -9999 -9999 -9999 -9999 -9999 -9999 -9999 -9999 3.5 2.8 1.466667 0.75 0.8571429 1.166667 3 -9999 -9999 2 1.117647 0.88 1 1.04 1.64 1.56 2 2 2.16 1.833333 1.56 1.111111 2.041667 1.904762 2.619048 4.12 2.16 2.4 -9999 -9999 1.222222 2.4 1.96 2.045455 2.181818 2.76 2.8 3 2.6 2.8 2.272727 2.772727 2.8 3 3 3 3 2.96 2.8 3 2.96 3 2.8 2.24 2.36 1.8 1.72 1.56
-9999 -9999 -9999 -9999 1.5 2 2.08 2 2 1.857143 -9999 -9999 -9999 -9999 3.5 1.5 2.25 2 1.9 1.375 1.85 1.958333 1.72 1.36 1.04 1.05 2 1.904762 1.75 1.35 1.25 1.8 1.64 1.44 1.08 1.84 1.48 1.6 2 2 1.76 1.761905 1.590909 2.05 2 2.52 4.12 3.190476 1.533333 -9999 -9999 1.75 1.6 1.96 2 1.916667 2.545455 2.8 2.6 2.2 2.2 2.4 2.36 2.76 2.6 2.76 3 3 2.96 2.52 2.782609 2.68 2.76 2.28 1.88 1.2 0.96 1.16 0.8
-9999 -9999 -9999 -9999 -9999 1.833333 2 2.083333 2 -9999 -9999 -9999 -9999 1.857143 1.904762 1.88 1.6 1.36 1.48 1.4 2 2 2 1.88 1.72 1.52381 2 2.12 2.04 2 2 1.92 1.96 1.76 1.32 1.64 1.08 1.2 1.56 1.76 1.72 1.619048 1.68 1.954545 2.090909 2.12 2.428571 1.7 0.95 -9999 -9999 -9999 1.461538 2.24 2 2.04 2.56 2.782609 2.083333 2.2 2 1.72 2.28 2.96 3 2.8 2.6 2.6 2.92 2.64 3 2.88 2.16 1.84 1.36 0.2608696 0.0625 0.25 0
2.611111 2.714286 4.333333 -9999 -9999 -9999 -9999 -9999 -9999 -9999 -9999 -9999 2.6 2.666667 2 2 2 2 1.96 2 2 2 2 2.52 1.84 1.772727 2 2.32 2.16 2.04 1.92 2.04 2 1.96 1.24 1.36 1 1 0.92 1 1.12 1.5 1.92 2 2.043478 2.1 1.708333 1.08 1.12 0.6666667 -9999 -9999 -9999 1.761905 1.96 2 2.08 2.36 2.12 2 2 2.08 2.16 2.16 2.88 2.96 2.76 2.64 2.56 2.625 3 2.12 2.04 1.84 1.4 0.05 0 0 0
2.72 2.772727 2.133333 2 -9999 -9999 -9999 -9999 -9999 4 2.166667 2 2.08 2.08 2.56 2 2 2 1.96 2 2 2 2 2 2.44 2.48 2.08 2.12 2 2 2 2 2 1.88 1.24 1.48 1.16 1.44 1.6 1.44 1.8 1.105263 2.32 1.88 1.64 2.04 2 1.72 1.04 0.9130435 -9999 -9999 -9999 1 1.863636 2 2 2 2.08 2.04 2 2.16 2.04 2.28 2.6 2.541667 2.2 2.04 2.04 2.090909 1.88 2.16 1.92 1.88 1.2 0.2 0 0 0
2.368421 1.956522 2.16 2.086957 2 1.8 3 3.25 3.4 2.777778 2.68 2.96 2.76 2 2.56 2.16 2.48 2.32 2.44 2.4 2.4 2.4 2.4 2.36 3 2.44 2.28 2.16 2 1.96 2 2 2 2 1.52 1.2 1.32 1.32 1.28 2.28 2.72 2.75 2.56 2.56 1.8 2.04 2 1.88 1.12 1 0 -9999 -9999 -9999 1.909091 2 2 2 2 2 2 2 1.92 2 2.08 2.08 2.04 1.96 1.92 1.96 1.96 1.8 2 1.84 0.84 0.05 -9999 -9999 -9999
1.4 1.88 2 2 2.2 2.04 2.05 1.904762 2 2.52 2.56 2.24 2.12 2.4 2.56 2.44 2.04 1.8 1.68 2 1.96 1.96 2 2 2.24 2.44 2 2.24 2 1.88 2 2 2 1.88 1.4 1.56 1.4 1.6 1.36 1.84 1.4 2.26087 3 3 2.84 2 2 1.72 1.08 1 0.8 -9999 -9999 -9999 1.846154 1.791667 1.48 1.48 1.96 2 2 1.8 1.48 2 2 2 2 1.52 1.12 1.32 1.96 2 1.8 1.375 0.6363636 0.25 0 0 0
2.64 2.36 2.8 2.6 2.8 2.76 2.68 2 2.12 2.72 2.8 2.92 2.48 2.16 1.96 2 2 2 1.4 1.4 1.96 2 2 2 2 2 1.708333 2.92 2.52 2.32 2.36 2.32 2.24 2.04 1.36 1 1 1 0.9583333 1.64 1.96 2.608696 3.2 2.88 2.4 2.04 2 1.04 1 0.96 1 -9999 -9999 -9999 -9999 1 1.307692 1.32 2 1.56 1.64 1.68 1.2 1.36 1.72 1.76 1.76 1.28 0.92 1.08 1.72 1.8 1.92 2 1.434783 0.8 0.4 0 0
2.96 3 3 2.681818 2.96 3.28 3.28 3.2 2.68 3 2.48 2.4 2.44 2.52 2.28 2 2 1.92 1.36 1.32 2 1.96 1.92 1.96 2 2 2 2.4 2.2 2 1.96 1.92 1.76 1.24 1.04 1 1 1 0.95 1.36 1.28 2.6 2.92 2.84 2.48 2 1.96 1.4 1 0.92 0.92 1 -9999 -9999 -9999 -9999 -9999 1.833333 1.24 0.92 0.76 0.68 0.96 1.04 1.6 1.32 1.16 1.04 0.84 1.08 1.32 2 2 2 1.92 1.16 0.9583333 0 0.2
2.8 3.12 3.36 3.4 3.4 3 2.96 2.68 2.56 2.136364 2.44 2.72 2.6 2.32 1.92 2.08 2 2.36 1.92 1.8 1.6 1.76 2 2.12 1.88 2 2 2.44 2 2 2 1.56 1.36 1 1 1 0.8 0.5217391 0.8571429 1 0.9565217 2 2.04 2.08 2.72 2.12 2 1.8 1 1 1 1.041667 1.473684 1 -9999 -9999 -9999 2.25 1.291667 2.56 5.36 5.64 2.48 1.08 1.04 1.08 1.04 1.4 1.28 1.08 0.84 1.24 1.44 2 2 1.84 1.095238 0.5454546 1.045455
3.12 3 3 3 3 3 3 3 2.4 2.4 2.16 2.2 1.96 2 1.96 1.8 1.8 1.8 1.6 1.24 1.36 1.590909 1.545455 1.36 1.52 2 1.95 1.68 1.84 1.88 1.76 1.32 1.68 1.4 1.08 1 0.8 0.92 0.64 1 1 1.96 2 2 2 2.64 2.24 1.92 1.76 1.64 1.12 1 1 1 -9999 -9999 -9999 0 5.12 5.24 4.64 5.08 6.2 3.36 2.227273 2.521739 2.96 3.16 3.166667 2.913043 1.541667 1 1.16 1.76 1.72 1.6 1.12 0.368421 0.84
2.625 3.6 2.6 2.1 2.909091 2.875 2.88 2.4 2 2 1.76 1.92 2 1.875 2 2.04 2.04 2.04 1.96 1.96 1.64 1.48 1.12 1.24 1.52 1.72 1.210526 1.8 1.64 0.5833333 1.72 1.92 1.48 1.16 1.2 1 0.88 1 0.84 1.32 1.32 2 2 2 1.84 2 2.56 2 1.84 1.96 1.68 1.28 1.12 1 1.1 -9999 -9999 -9999 2.875 3.571429 4.2 4.16 4.28 5.08 4.64 4.2 4.44 4.16 4.32 4.56 4.28 1.48 1.84 1.28 1.36 1 1 0.92 0.56
-9999 -9999 -9999 -9999 -9999 2.2 2.086957 2 1.958333 1.9375 2.111111 -9999 -9999 1.666667 2.047619 1.88 1.88 2 2 1.96 1 1.24 1.08 1.36 0.96 1.608696 1.695652 1.84 1.952381 1.88 1.96 1.4 1.48 1.8 1 1 1.04 1 0.96 1 1.045455 1.958333 2 2 2 2 2.136364 2.72 1.88 2 2.12 2 1.8 1.208333 1.04 0.6875 0.4444444 0.4285714 1 -9999 5 4.434783 4.12 4.24 4.48 3.92 3.88 4.48 4.56 4.56 4.24 2.4 1.84 1.92 1.708333 0.9047619 0.55 0.625 0.625
-9999 -9999 -9999 -9999 -9999 -9999 -9999 2 -9999 -9999 -9999 -9999 -9999 -9999 4.5 1.888889 1.12 1.04 1.84 1.96 1.52 1.16 1.04 1 1.043478 1.772727 2 1.869565 1.72 1.92 1.92 1.92 1.88 1.52 1.2 0.88 0.92 1 1.2 1.095238 1.25 2 1.565217 1.52 1.76 1.619048 2 2.08 2.64 2.4 2.4 2.4 2.24 1.28 1 0.875 0.96 0.88 0.6666667 -9999 -9999 5.428571 4.12 3.48 4.44 4.8 4.96 4.48 3.8 4.56 4.32 3.96 2.375 1.347826 2.25 3.6 3.8 3 -9999
-9999 -9999 -9999 1 1 -9999 -9999 -9999 -9999 -9999 -9999 -9999 -9999 -9999 -9999 2 1.2 1.125 1.166667 1.8 1.88 1.24 1.04 1.190476 1.863636 2 2.32 3.2 2.64 1.68 1.68 2 1.8 1.12 1 0.9473684 1.130435 1.210526 1.133333 1.428571 1.176471 1.52 2 1.12 1.4 2 1.96 1.92 2.16 2.16 2 2 1.88 1.72 1.32 1.32 1.2 1.04 0.6666667 2.5 1.714286 2 4.25 4.08 3.92 3.52 3.6 3.56 3.68 3.28 4.32 4.76 3.833333 3.714286 -9999 -9999 -9999 -9999 -9999
2.5 2.411765 1.714286 1.12 0.7142857 1.153846 2 -9999 -9999 -9999 -9999 1 1.2 1.222222 -9999 -9999 -9999 -9999 -9999 1.8 1.416667 1.1 0.95 1.958333 2 2 1.84 2.44 2.8 1.56 1.64 1.28 1.08 0.96 0.8 0.9130435 1.458333 1.24 1.304348 1.619048 1.44 1.32 1.08 0.92 1.24 2 1.76 1.88 1.88 2 2 1.96 1.48 1.24 1.24 1 1 0.44 0.08 0.16 0.16 1 4.285714 3.8 4.44 4.76 5 4.96 4.52 4.04 3.6 4.04 4.954545 5.272727 5.6 6.222222 -9999 -9999 -9999
2.44 2.6 2.48 1.84 1.76 1.64 2.227273 2.307692 2.727273 2.125 2 1.894737 1.72 2.52 2.590909 1.133333 1.111111 -9999 -9999 -9999 -9999 -9999 -9999 2 1.25 1 1.111111 1.571429 1.76 1.16 1.6 1.36 1 1 1 1.08 0.88 1.52 1.125 1.6 1.52 1.88 1.16 1 1.714286 2.928571 1.692308 1.190476 1.04 1.92 2.04 1.96 1.16 1 1 1 0.96 0.52 0.04347826 0 0 0 3 3.75 4.222222 4.133333 4.157895 4.44 4.2 4.1 4 3.44 3 4.72 4.84 5.4 5.55 5.75 -9999
2.68 2.32 2 1.96 1.96 2.56 2 2 2.2 2.04 2.16 2.28 2.16 2.04 1.541667 1.68 1.12 1 0.7692308 0.8571429 -9999 -9999 -9999 -9999 -9999 -9999 -9999 -9999 1 1 1 1 1 1 1 1.36 1.56 1.68 1.25 1.88 1.8 1.2 1.04 1 -9999 -9999 -9999 -9999 2.1 1.2 1.16 1.16 1 0.96 0.6 0.88 0.12 0 0.1666667 -9999 -9999 -9999 -9999 -9999 -9999 -9999 -9999 4 4 -9999 -9999 3.285714 3.36 3.44 4.16 3.64 5.04 5.428571 -9999
