lus_demo/data/Current_situation/Thematic_maps/Safety/Waterdepth.asc
ncols         540
nrows         650
xllcorner     10000
yllcorner     300000
cellsize      500
NODATA_value  -9999
[rows 385 to 419 of 650, columns 237 to 315 of 540]
2.64 2.6 2.6 2.12 2.36 2.28 2 2 1.904762 1.68 1.285714 2.85 4.2 4.44 4.28 2.833333 4.904762 4.96 4.56 5.44 3.72 4.24 4.76 4.8 4.52 4.36 3.76 4.32 3.73913 4.2 3.88 3.8 3.8 3.72 3.4 3.24 3 2.857143 2.84 2.92 3 3 2.84 3.28 3.16 2.72 3.52 2.88 3.04 2.833333 2.12 1.92 1.96 2.36 2.44 1.625 2.130435 2.08 2.263158 3 -9999 -9999 3.25 3.045455 3.24 3.36 3.48 3.52 3 2.8 2.92 3 3 3.24 3.44 3.16 3.04 3.04 3
2.44 2.8 2.64 2.64 2.28 2 1.916667 1.5 3.222222 3.3125 2.952381 4 4.88 5 4.083333 4.681818 4.84 4.2 4.44 4.76 4.8 5.08 5 5 4.96 4.8 4.64 4.76 4.68 4.84 4.72 4.28 4.36 4 4 4 4 2.8 3.04 3.24 3.08 3 3 2.84 3.12 2.32 3.32 2.48 2.24 2.8 2.8 2.52 2.6 2.458333 1.68 1.88 2.04 2 -9999 -9999 -9999 4 3.96 4 4 4 3.88 3.8 3.72 3.76 3.44 3.8 3.8 3.92 4 4 3.88 3.32 3
2 2 2.12 2.24 2 2 1.857143 3.958333 4.8 5.16 5 5 4.333333 4.625 6.28 5.68 4.76 4.76 4.96 5 5 5 5 5 5 5 5 5 5 4.8 4.96 4.96 5 4.52 4 3.96 3.72 3.32 3 3.12 3.08 3 3.08 3 2.708333 2.826087 2.736842 2.75 2.76 2.96 3 2.72 2.04 1.92 2 1.6 1.65 -9999 -9999 -9999 3.384615 4 4.16 4.64 4.6 4.2 4 4.04 4.04 4 4 4 4 4.04 4 4 4 3.76 3
1.92 1.96 2.08 2.04 2 2 1.9 4.73913 4.76 5.12 4.125 4.863636 5.04 6 6 6 5.76 5.48 5.68 5.28 5 5 5.12 5 5 5 4.96 5 5 4.92 4.88 4.96 5 5 4.4 4 3.8 3.92 3 3.12 3 3.16 3 3.16 2.384615 3.173913 3.64 3.24 3 2.76 2.88 2.16 2.24 2.16 2 2 1.818182 -9999 -9999 -9999 4.2 4.16 4.72 5 4.32 4.44 4 4.56 4.2 4 4.04 4 4 4 4 4 4.08 4.16 3.8
1.176471 1.555556 2.285714 2.176471 1.5 1.894737 1.5 3.954545 3.791667 5.476191 6 6 6 6 6 6 6 6 5.96 5.6 5.2 5.12 5.08 5 5 5 5 5 5 5 4.76 4.52 4.28 4.92 4.52 3.96 3.28 3.64 3 3.16 2.904762 2.72 2.227273 2.64 3 3 3 3 2.96 2.4 2.64 2.44 2.28 2.12 2 2 1.916667 -9999 -9999 3.916667 4 4.48 5 4.92 4.52 4.76 4.24 4.36 4.08 4 4 4 4 4.28 4.24 4.24 4.16 4.04 4
4.869565 4.695652 4.44 4.681818 4.565217 4.238095 4.875 5.210526 5.56 6.08 6 6 6 6 6 6 6 6 6 5.68 5.04 5.36 5.04 5.08 5 5.04 5 5 5.04 4.48 3.571429 3.952381 4.48 3.88 3.52 3.5 3.791667 3.96 3.36 3 3.08 3 3.04 3.04 2.96 3 3 3 2.88 2.92 2.96 2.6 2.2 2 2 2 1.4 -9999 3 3.8 4.44 4.92 4.8 4.76 5 5 4.8 4.8 4.64 4.08 4 4.08 4.36 4 3.72 3.64 3.28 3.24 3.52
6 6.24 6.44 6.4 6.2 6.08 6.32 6.16 6.04 6 6 6 6 6 6 6 6 6 6 5.48 5.52 5.48 5.36 5.44 5 5 5 4.96 4.76 4.72 4.96 4.8 5 4.92 4.16 3.6 4 4 3.48 3.04 3 3 2.8 3 3 3 3.28 3.52 3 2.96 2.92 2.12 2.04 2 2 1.882353 -9999 -9999 3.294118 3.32 4.88 4.92 5.2 5 5.04 5 5 4.56 4.08 4.24 4.24 4.24 3.96 3.92 3.36 3.12 3.04 3.28 3
6.12 6.16 6.56 6.48 7.4 6.68 6.4 6.04 6.28 6.36 6.2 6.08 6 6 5.84 5.8 5.8 5.8 5.88 5.68 5.72 5.8 5.64 5.6 5.36 5.04 4.92 4.88 5 5 5 4.96 4.76 4.96 4.48 3.76 3.96 3.92 3.24 3 3 3 3 3 3 3 3 3 3 3 2.88 2.64 2 1.88 1.478261 1.571429 -9999 4 3.32 3.96 4.92 5 5.28 5 5 4.96 4.88 4.28 4.04 4 4 4.04 4 4 3.92 3.4 3.32 2.88 3
6.4 6.68 6.88 6.72 7.16 6.88 6.16 5.96 6.04 6 6 5.84 5.48 5.6 5.96 6 6 6.16 6.32 6 6 5.96 5.6 5.88 5.28 5.04 5 5 5 5 4.92 4.64 4.48 4.32 3.92 3.625 3.6 3.76 3.2 3.2 3.32 3.28 3.04 3 3 3 3 3 3 2.76 2.32 2.16 1.666667 1 1 -9999 -9999 3.846154 4.16 4.96 5 5 5.08 5.2 5.28 5.2 4.44 4 3.76 4 4 4 4 3.96 3.2 3 3.25 3 3
6.52 6.4 6.56 7 6.76 6.52 6.36 6.24 6.2 6.12 6 5.96 5.92 6 6 6 6 5.92 5.96 5.96 5.92 5.88 5.64 5.24 5.04 5.16 5 5 5 4.8 4.92 4.36 4 3.8 4 3.85 3.48 3.76 3.84 3.8 3.68 3.84 3.28 3 3 3 3 3 3 2.96 2.32 1.952381 -9999 -9999 -9999 -9999 1.916667 3.68 4.64 5 5 5 5.24 5.32 5.04 4.8 4 3.44 2.958333 4 4 4 4 3.92 3.142857 2 2 3 2.842105
6 6.04 6.32 6.72 6.4 6.2 6 6 6 6 6 5.52 5.8 5.92 5.84 5.92 6 6 5.48 5.8 5.72 5.24 5.24 5.72 5.2 5 5 5 5 5 4.64 4.12 4 3.64 3.4 3.3 3.36 3.4 3.6 3.208333 3.08 3 3 3 3 3 3 3 3 2.96 2.4 2.142857 -9999 -9999 -9999 0.8461539 1.227273 3.56 5.12 5 5 5.28 5.12 5 4.96 3.88 2.952381 3.5 1.8 2.785714 3.76 3.96 3.92 3.277778 4 -9999 -9999 -9999 2
6 6.04 6.4 6.44 6 5.8 5.84 5.96 5.72 5.625 5 5 5.181818 5.05 5.12 5.24 5.6 5.24 5.12 5.12 5.04 5 5.04 5.4 5 5 5 4.76 4.84 4.88 4.28 4 4 3.52 3.25 2.9 3.5 3.166667 3 7 2.956522 2.956522 3 2.941176 2.954545 3 3 3 3 3 2.24 2 -9999 -9999 1.7 1.041667 1.8 2.714286 4.96 5.12 5.32 5.16 5 5 4.68 2.411765 1 1.5 2 2 3.6 4 4 3 -9999 -9999 -9999 -9999 1.5
6 6 6 5.916667 5.8 5.5 5.56 5.65 6 -9999 -9999 -9999 -9999 -9999 -9999 4 4.541667 5 4.8 4.6 5 5 5 5 5 4.181818 4 4.352941 4.24 4.2 4.36 3.88 3.8 3.8 3.9 -9999 -9999 -9999 -9999 -9999 4.5 3 -9999 -9999 3 3 3 3 3 3 2.12 2 -9999 0.8 2.166667 0.6666667 1.666667 2 3.541667 5.24 5.2 5 5 4.96 3.6 1.333333 1.142857 1.157895 0.9411765 2.75 2.6 3.681818 3.8 3.375 -9999 -9999 0.75 1.8 -9999
-9999 -9999 -9999 3 -9999 -9999 5 -9999 -9999 4 4.421052 3.909091 3.727273 3 -9999 -9999 3.714286 4.904762 4.210526 4.428571 4.08 4.84 4.85 4.555555 -9999 -9999 -9999 5 4.043478 4 4.333333 3.4 2.777778 3 -9999 -9999 -9999 -9999 -9999 -9999 -9999 -9999 -9999 -9999 -9999 -9999 -9999 2.928571 3 2.84 2.235294 -9999 0.5 0.9545454 1.769231 -9999 -9999 -9999 3.166667 3.913043 5 5 4.28 4 3.12 -9999 0.5 0.92 0.6 2.055556 2.666667 2.111111 2.5 2.625 1.25 -9999 0.0952381 1.333333 -9999
1 -9999 -9999 -9999 -9999 -9999 -9999 -9999 -9999 4.727273 5 4.8 4 4 4.444445 -9999 -9999 -9999 -9999 -9999 -9999 -9999 -9999 -9999 -9999 -9999 -9999 6 3.789474 3.222222 -9999 -9999 -9999 -9999 2.5 4 2.888889 3.153846 3.833333 -9999 -9999 -9999 -9999 2.5 1 -9999 -9999 3 2.96 2.04 2 -9999 0.75 0 -9999 -9999 -9999 -9999 -9999 3.5 2.526316 3.590909 2 1.933333 1.1 -9999 0.5833333 1 1 0.72 1.142857 2 -9999 -9999 -9999 -9999 0.06666667 0.6315789 2.75
2.866667 8 -9999 -9999 -9999 4.5 4.5 4.090909 4.411765 5 5 5 4.96 4.96 4.76 4.31579 5 -9999 3.666667 4 3 -9999 -9999 3.333333 3.846154 4 -9999 -9999 3 2.5 -9999 3 3 0.8947368 0.8333333 2.615385 3.96 3.76 4 -9999 -9999 -9999 2.5 2.681818 2.818182 -9999 3.5 2.4 2.588235 2 -9999 1 0.7368421 0 -9999 -9999 2 1.454545 8.666667 -9999 1 3 -9999 -9999 -9999 -9999 0.3333333 0.96 1 0.6 0.625 0.6923077 1.571429 1 2 -9999 0.1428571 0.64 0.9
2.44 4.125 -9999 -9999 -9999 5.1 5 5 4.24 5 4.96 5 5 5.08 5 4.48 3.904762 4.333333 4 4.36 4.826087 4.8 4.7 3.956522 4.04 4 3 -9999 -9999 3 4.083333 3.75 2.68 2.68 2.88 3.466667 4 3.32 3 -9999 -9999 3 2.826087 2.92 2.541667 2 -9999 -9999 -9999 -9999 -9999 2.2 1.4 -9999 -9999 -9999 1.666667 1.12 1.142857 1.866667 0.4 0.8 1 0.5 -9999 -9999 0.4444444 0.96 1 1 0.96 0.4 0.5217391 0.05 0.875 1 1 0.88 0.92
1.76 2.583333 2.166667 -9999 -9999 5 5 5.12 4.72 5.24 5 5 5.08 5.04 5.04 4.8 4.64 5 4.88 4.8 4.92 5 5 4.76 4.08 3.92 3.826087 3.4375 3.466667 3.95 3.88 3.36 3.04 3.04 3.52 3.48 3.714286 3.64 3.12 3.153846 3.083333 3 3 3 2.76 2.045455 3 8 -9999 0 1.571429 2 3 2 1.944444 1.666667 1.75 1.68 1.84 1.48 1 1.04 1 0.7692308 -9999 -9999 0.8333333 1 1 1 1 1 0.8 0.4 0.4117647 0.5833333 0.64 0.8 0.64
2.96 2.2 1.791667 1.833333 -9999 -9999 2.2 4.727273 5.28 5.16 5 5 5.08 5.12 5.058824 4.1875 5.2 4.84 5.24 4.96 4.96 4.96 4.44 4.24 4.4 4.6 4.32 4.08 4 4.04 4 3.88 4.32 2.96 4 3.96 3.2 3.96 3.76 3.56 3.12 3.12 3.08 3 2.681818 2 -9999 0 -9999 -9999 -9999 -9999 1 1.909091 2 2 2 1.96 2 2 1.84 1.72 1.16 1.133333 1.333333 0.6666667 1 0.88 1 1 1 1 0.4 1 0.6 1 0.8 1 1
2.88 2 1.84 1.48 0.75 5 4 4.571429 5.24 4.92 5 5 5 4.7 -9999 0 4.64 5.24 5.44 5.28 5.12 4.92 5.08 5 4.96 5 5 4.92 4.72 4.52 4.12 4 4 3.8 3.583333 3.45 3.090909 3.64 3.96 3.52 3.84 3.8 3.08 3 3 -9999 -9999 -9999 -9999 -9999 -9999 2 1.823529 1.68 2.04 2 2 2 2 2 2 2 1.28 1 1 0.9090909 0.8 1 1 1 1 0.96 0.96 0.92 0.68 0.84 0.8 1 1
2.08 1.72 2 1.16 1.5625 2.076923 2 -9999 4.571429 4.92 4.68 4.904762 3.666667 -9999 -9999 -9999 4.043478 5 5 5 5 5 5.04 5 5.04 5 5 4.84 4.8 4.56 4.04 3.96 3.88 4 4 3.72 3.52 3.92 3.72 3.76 3.96 3.96 3.08 2.846154 -9999 -9999 0 -9999 1.6 2 2 2.190476 2.72 2.72 2.84 2.44 2.52 2.2 2 2 2 1.96 1.72 1.64 1.56 1.36 1 0.84 1.08 1 1 1 1 0.92 1.16 1.333333 0.96 1 1
1.56 1.84 2.16 2.26087 1.96 2.08 1.32 1 -9999 3.764706 4 3.666667 -9999 -9999 -9999 -9999 3.428571 4.68 5 5 5 4.96 5 5 5 4.88 5 4.88 4.92 4.56 4 3.96 3.64 4 4.04 3.8 3.6 4 4 4 4 3.4 3 2.842105 1 -9999 1.166667 1.565217 1.64 -9999 3 2.96 3 3.16 3.04 2.96 3 3 2.32 2.08 2.08 2 2 2 2 1.72 1.24 0.76 0.96 1 1 0.96 0.92 0.1666667 1.6 0.08 0.84 1 0.92
1.88 1.96 2.68 2.48 2.76 2.84 2.04 1.625 1.142857 -9999 -9999 -9999 1.5 1 0.6666667 -9999 3 3.75 4.88 5 5 5 4.64 4.76 4.92 4.88 4.96 4.52 4.68 4.08 4 4 4 4 4.2 3.8 3.6 4 4 4 3.84 3.12 3 3 3 -9999 -9999 2 1.9375 -9999 3 3.36 3.76 3.96 3.24 2.96 3 3 2.88 2.96 2.64 2 2 2 1.96 1.68 1.96 1.64 0.76 0.3333333 0.5833333 0.84 0.28 0.32 2.24 0.4 0.2 0.28 0.12
2.88 3.08 3 2.8 2.68 2.76 2.48 2 1.708333 1.578947 2.15 1.916667 1.708333 1.52 1.04 1.6 -9999 0 4.045455 5 5 5 5 4.88 4.2 4.6 4.6 4 4.16 4.16 3.96 4 4 4 4.12 3.76 3.6 4 4 3.96 3.28 3 3 2.96 2.333333 1.888889 1.4 -9999 -9999 -9999 3 3.84 3.8 3.84 3.28 3 3 3 2.92 2.96 2.96 2.6 2 1.92 1.76 1.96 1.96 1.375 0.44 0.04 0 0 0 0 0 0 0 0 0
3.44 3.12 3.16 3.04 2.84 2.88 2.32 2.16 1.84 1.695652 1.96 1.96 2.04 1.8 1.28 0.6363636 0 -9999 2 3.846154 4.8 5 5 4.96 4.24 4.32 4.16 4 3.96 3.96 4 4 4 4.08 4.6 3.75 3.92 4 4 4 3.64 2.92 2.76 3 2.4 2.28 1.529412 -9999 -9999 -9999 3.36 3.76 3.68 3.76 3.56 3.2 3.04 3 3 3 2.96 2.64 2.12 1.88 2 2 1.84 0.64 0.08 0 0 0 -9999 -9999 -9999 0 0 -9999 -9999
3.92 3.88 3.84 3.2 3 2.68 2.76 2.6 2 1.76 2 1.84 1.68 1.68 1.4 1.208333 0.9047619 1 -9999 -9999 4.047619 5 4.68 4.84 4.68 4.04 4.12 4.24 4.2 4.28 4.24 4.2 4.28 4.24 4 4 3.4 3.913043 3.8 3.56 3.12 3.08 3.24 3.4 2.96 2.92 2.166667 -9999 -9999 2.4 2.92 3.96 3.96 3.68 3.76 3.6 3.04 3 3 2.84 2.88 2.84 2.08 2 2 2 1.56 0.36 0.04166667 0 -9999 -9999 -9999 -9999 -9999 -9999 -9999 -9999 -9999
3.92 3.8 3.88 3.08 3 3 2.88 2.88 2.56 1.84 1.84 1.92 1.44 1.44 1.6 1.44 1.16 0.6 -9999 -9999 2.636364 4.36 3.888889 4 3.176471 4.48 4.88 4.44 4.08 4 3.96 4 4 4 4 4 3.8 3.428571 3.791667 3.56 3.32 3.36 3.76 3.52 3.08 3 2.722222 -9999 -9999 1.8 2.68 3.84 4 3.72 3.32 3.04 2.92 2.64 2.6 2.76 2.68 2.72 2.24 2 2 1.96 1.16 0.24 0.04545455 0 -9999 -9999 -9999 -9999 -9999 -9999 -9999 -9999 -9999
3.48 3.4 3.24 2.92 2.8 2.44 2.08 2.32 2.16 2 1.64 1.84 1.88 1.6 1.5 0.96 0.88 0.8333333 -9999 -9999 -9999 -9999 -9999 -9999 -9999 2.545455 4.12 4 4.04 4.16 3.84 3.96 4 3.96 4 3.88 3.72 3.32 2.85 3.04 3.2 3.48 3.76 3.88 3.32 3.08 3 -9999 -9999 2.166667 3 3.84 3.4 3.52 4 3.92 3.2 3 3 2.96 2.88 3 2.08 2 2 1.76 1.08 0.25 0 -9999 -9999 -9999 -9999 -9999 -9999 -9999 -9999 -9999 -9999
3 3.08 2.96 3.04 2.76 2 2.44 2.16 2.04 2.08 1.8 2 1.96 1.64 1.72 1.92 1.416667 0.6521739 -9999 -9999 -9999 -9999 -9999 -9999 -9999 1.857143 4 4 3.8 3.36 3.12 3.96 3.72 3.96 3.52 3.12 3 2.772727 3.04 3 3.36 4 4 3.68 3.058824 3 -9999 -9999 2.333333 2.521739 2.72 3 3.92 4 4 4 3.32 3.04 2.96 2.92 2.64 2.2 2 2 2 1.25 0.8571429 0.125 0 -9999 -9999 -9999 -9999 -9999 -9999 -9999 -9999 -9999 -9999
2.36 2.6 2.52 2.8 2.16 2.28 2.92 2.76 2.2 2.04 1.92 1.92 1.96 1.8 1.64 1.16 1.125 1.111111 -9999 -9999 -9999 -9999 -9999 -9999 -9999 0 3.722222 3.84 3.071429 2.88 2.52 3.32 3.08 3.32 3.04 2.96 3.086957 3.833333 3.166667 3 3.722222 3.791667 3.782609 3.5 -9999 -9999 -9999 2.714286 2.88 3 3.44 3.68 3.92 4 3.96 3.48 3.32 3 3 3 2.44 2.04 2 1.84 1.375 0.8695652 0.8 0.07142857 -9999 -9999 -9999 -9999 -9999 -9999 -9999 -9999 -9999 -9999 -9999
1.96 2.76 2.04 2.2 2.08 2.8 3 2.84 2.04 1.92 1.96 1.84 1.666667 1.56 1.6 1.380952 2 -9999 -9999 -9999 -9999 -9999 -9999 -9999 -9999 -9999 1.5 2.818182 0 -9999 2.25 2.333333 3.6 2.947368 2.96 2.190476 2.8 -9999 -9999 -9999 -9999 3 -9999 -9999 -9999 -9999 1 2.954545 3.04 3.52 3.96 3.92 3.6 3.64 3.16 3 3 2.96 3 2.56 2.28 1.64 1.217391 0.4 0.6666667 0.24 0.04 0 0 -9999 -9999 -9999 -9999 -9999 -9999 -9999 -9999 -9999 -9999
2.92 3 2.88 2.36 2.8 2.56 2.92 2.56 2 1.52 1.84 1.52 1.52 1.88 2 2 2 -9999 -9999 -9999 0.6666667 2.214286 3.631579 3.95 2.090909 2 -9999 1 1.5 1.9 1.25 3.25 -9999 2 2.25 2 -9999 -9999 7.5 -9999 -9999 -9999 -9999 -9999 3.75 3.3 3.055556 3 3 3.68 3.56 3.04 3 3 3 3 2.88 2.36 2.12 2 1.875 1.25 0.6363636 0 0.08 0 0 2.869565 5.25 -9999 -9999 -9999 -9999 -9999 -9999 -9999 -9999 -9999 -9999
2.4 2.96 2.64 2.32 2.24 2.12 1.8 2.04 1.76 1.88 1.36 1.28 1.727273 1.666667 -9999 4.666667 2.777778 2.222222 0.7777778 2 2 2 2 2 2 2.277778 2 2.15 2.625 2.64 1.52 1.571429 6.25 -9999 -9999 -9999 -9999 2.090909 2.368421 2.428571 2.25 2.666667 2.666667 3.222222 2.619048 3.04 3.4 3.68 3.6 3.44 3.04 3 3 2.92 2.52 2.16 1.8 1.72 1.708333 1.9 1.52381 1.04 0.8 0.04 0.16 0 0 0 -9999 -9999 -9999 -9999 -9999 -9999 -9999 -9999 -9999 -9999 -9999
2 2.12 2.32 2.12 2.24 2.08 1.48 1.96 1.92 1.96 1.833333 2.066667 3 5 3.5625 2.105263 2.25 2.28 1.625 2.375 2 2 2.04 2 2 2.35 2.28 2.52 2.12 2.4 2.08 2 1.695652 1.2 1.222222 2.357143 2.277778 1.818182 2.416667 2.291667 2.181818 2.08 2.5 2.68 2.52 3.84 3.84 4 3.6 3.44 2.96 2.84 2.6 1.6 1.6 2 1.16 1.083333 0.6363636 1.32 1.68 1 1 0.52 0.125 0 0 0 -9999 -9999 -9999 -9999 -9999 -9999 -9999 -9999 -9999 -9999 -9999
1.92 1.64 2.16 2.24 2.32 2.12 2.04 2.16 2 1.958333 2 -9999 2.923077 2.75 2.96 2.68 2.6 2.08 2.04 2 2.08 2.56 2.96 2.32 2.086957 2.772727 1.76 2.88 2.68 2.88 2.84 2.64 2.08 2 2 1.619048 1.708333 1.666667 2 2 2 2 2.16 2.48 2.96 4.16 4.28 3.92 3.48 2.52 2.44 2.08 2.64 2.12 0.96 1.32 0.8 0.8695652 0.44 0.08 0.64 0.68 0.9090909 0.25 0.55 0.04 0 0 -9999 -9999 -9999 -9999 -9999 -9999 -9999 -9999 -9999 -9999 -9999
