lus_demo/data/Current_situation/Thematic_maps/Safety/Waterdepth.asc
ncols         540
nrows         650
xllcorner     10000
yllcorner     300000
cellsize      500
NODATA_value  -9999
[rows 175 to 209 of 650, columns 316 to 394 of 540]
-9999 -9999 -9999 -9999 -9999 -9999 -9999 -9999 -9999 2 2.043478 2.04 2.08 2.12 2.04 2 2.84 2.92 2.92 2.52 2.8 2.24 2 1.76 1 0.24 0 -9999 -9999 -9999 -9999 0 -9999 -9999 -9999 -9999 -9999 -9999 -9999 -9999 -9999 -9999 -9999 -9999 -9999 -9999 -9999 -9999 -9999 -9999 -9999 -9999 -9999 -9999 -9999 -9999 -9999 -9999 -9999 -9999 -9999 -9999 -9999 -9999 -9999 -9999 -9999 -9999 -9999 -9999 -9999 -9999 -9999 -9999 -9999 -9999 -9999 -9999 -9999
-9999 -9999 -9999 -9999 -9999 -9999 -9999 -9999 -9999 2 2.04 1.96 2 2.24 2.56 2.32 2.96 3 2.8 2.64 2.36 2.44 2.04 1.76 1.36 1.04 0.48 0.1428571 -9999 -9999 -9999 -9999 -9999 -9999 -9999 -9999 -9999 -9999 -9999 -9999 -9999 -9999 -9999 -9999 -9999 -9999 -9999 -9999 -9999 -9999 -9999 -9999 -9999 -9999 -9999 -9999 -9999 -9999 -9999 -9999 -9999 -9999 -9999 -9999 -9999 -9999 -9999 -9999 -9999 -9999 -9999 -9999 -9999 -9999 -9999 -9999 -9999 -9999 -9999
-9999 -9999 -9999 -9999 -9999 -9999 -9999 -9999 2 2.04 1.88 1.84 2 2.28 2.88 2.4 2.96 3 3 2.88 2 3.16 1.8 1.84 1.96 1.16 1 0.5 -9999 -9999 -9999 -9999 -9999 -9999 -9999 -9999 -9999 -9999 -9999 -9999 -9999 -9999 -9999 0 0 0 -9999 -9999 -9999 -9999 -9999 -9999 -9999 -9999 -9999 -9999 -9999 -9999 -9999 -9999 -9999 -9999 -9999 -9999 -9999 -9999 -9999 -9999 -9999 -9999 -9999 -9999 -9999 -9999 -9999 -9999 -9999 -9999 -9999
-9999 -9999 -9999 -9999 -9999 -9999 -9999 -9999 2.05 2.04 2.36 2.4 2.8 2.56 2.56 2.48 2.96 3 3 2.92 2.36 2.84 2.36 2.04 2 1.96 1.4 0.8421053 -9999 -9999 -9999 -9999 -9999 -9999 -9999 -9999 -9999 -9999 -9999 -9999 -9999 -9999 0 0 0 0 0 0 0 -9999 -9999 -9999 -9999 -9999 -9999 -9999 -9999 -9999 -9999 -9999 -9999 -9999 -9999 -9999 -9999 -9999 -9999 -9999 -9999 -9999 -9999 -9999 -9999 -9999 -9999 -9999 -9999 -9999 -9999
-9999 -9999 -9999 -9999 -9999 -9999 -9999 2.090909 2.04 1.88 2.12 2.76 2.88 2.76 2.84 2.375 3.28 3.16 3.36 2.92 2.56 2.92 2.6 2 2.04 2 1.88 1.16 0.2 0 -9999 -9999 -9999 -9999 -9999 0 0 0 0 -9999 0 0 0 0 0 0 0 0 0 0 -9999 -9999 -9999 -9999 -9999 -9999 -9999 -9999 -9999 -9999 -9999 -9999 -9999 -9999 -9999 -9999 -9999 -9999 -9999 -9999 -9999 -9999 -9999 -9999 -9999 -9999 -9999 -9999 -9999
-9999 -9999 -9999 -9999 -9999 -9999 2 2 1.92 2.08 2.12 2.12 2.44 2.68 2.64 2.583333 2.76 2.96 2.92 2.92 2.64 2.56 2.6 2.04 2 2 1.96 1.56 0.76 0.2352941 -9999 -9999 -9999 -9999 0 0 0 0 0 0 0 0 0 0 0 0 0 0 0 0 -9999 -9999 -9999 -9999 0 0 -9999 -9999 -9999 -9999 -9999 -9999 -9999 -9999 -9999 -9999 -9999 -9999 -9999 -9999 -9999 -9999 -9999 -9999 -9999 -9999 -9999 -9999 -9999
-9999 -9999 -9999 -9999 -9999 -9999 2.125 2.16 2.28 2.44 2.64 2.72 2.28 2.76 2.8 3.28 2.44 2.4 2.08 2 2.04 1.92 2.64 2.04 1.96 2 2 1.76 1.28 0.68 0.1 -9999 -9999 -9999 -9999 0 0 0 0 0 0 0 0 0 0 0 0 0 0 0 -9999 -9999 -9999 0 0 0 0 0 -9999 -9999 -9999 -9999 -9999 -9999 -9999 -9999 -9999 -9999 -9999 -9999 -9999 -9999 -9999 -9999 -9999 -9999 -9999 -9999 -9999
-9999 -9999 -9999 -9999 -9999 2.428571 2.2 1.92 2.24 2.12 2.48 2.56 2.56 2.64 2.96 2.88 2.64 2.88 2.68 2.12 2.12 1.88 2 2.48 2.04 1.8 1.88 1.64 1.24 1.12 0.44 0 -9999 -9999 -9999 0.1176471 0 0 0 0 0 0 0 0 0 0 0 0 0 0 0 0 0 0 0 0 0 -9999 -9999 -9999 -9999 -9999 -9999 -9999 -9999 -9999 -9999 -9999 -9999 -9999 -9999 -9999 -9999 -9999 -9999 -9999 -9999 -9999 -9999
-9999 -9999 -9999 -9999 3 2.809524 2.24 2.2 2.12 2.08 2.04 2.44 2.88 2.48 3.12 2.6 3 2.8 2.68 2.4 2.08 1.8 2.08 2.36 2.04 1.92 1.68 1.88 1.68 1.36 0.68 0.2631579 0 -9999 -9999 0 0 0 0 0 0 0 0 0 0 0 0 0 0 0 0 0 0 0 0 0 -9999 -9999 -9999 -9999 -9999 -9999 -9999 -9999 -9999 -9999 -9999 -9999 -9999 -9999 -9999 -9999 -9999 -9999 -9999 -9999 -9999 -9999 -9999
-9999 -9999 -9999 -9999 3 3 2.64 3 2.68 2.8 2.72 2.28 2.52 2.84 2.56 2.72 2.84 2.76 2.76 2.68 2.6 2.28 1.92 2.56 2 1.8 1.84 1.88 1.6 1.72 1.2 0.84 0.88 0.88 0.65 0 0 -9999 0 0 0 0 0 0 0 0 0 0 0 0 0 0 0 0 0 -9999 -9999 -9999 -9999 -9999 -9999 -9999 -9999 -9999 -9999 -9999 -9999 -9999 -9999 -9999 -9999 -9999 -9999 -9999 -9999 -9999 -9999 -9999 -9999
-9999 -9999 -9999 3 3 2.76 2.6 2.6 3 3 2.8 2.8 2.56 2.88 2.84 3 3 3 3 2.68 2.8 2.68 2.04 2.6 1.96 1.84 2 1.84 1.72 1.8 1.48 1.48 1.28 1.52 1.36 0.5454546 0.0625 0 0 0 0 0 0 0 0 0 0 0 0 0 0 0 0 0 0 -9999 -9999 -9999 -9999 -9999 -9999 -9999 -9999 -9999 -9999 -9999 -9999 -9999 -9999 -9999 -9999 -9999 -9999 -9999 -9999 -9999 -9999 -9999 -9999
-9999 -9999 -9999 3 2.96 2.84 3.04 2.92 2.56 2.84 2.92 2.76 2.96 3 2.72 3 3 3 3 3 2.96 2.92 2.24 2.12 2.4 1.96 2.08 2 1.96 1.64 1.8 1.88 1.6 2.04 1.44 1.08 0.8 0.2941177 0 -9999 0 0 0 0 0 0 0 0 0 0 0 0 0 0 0 -9999 -9999 -9999 -9999 -9999 -9999 -9999 -9999 -9999 -9999 -9999 -9999 -9999 -9999 -9999 -9999 -9999 -9999 -9999 -9999 -9999 -9999 -9999 -9999
-9999 -9999 3.111111 3 2.68 3 3 3 3 2.8 2.6 2.68 2.76 2.6 2.56 2.72 2.68 2.6 2.68 2.84 2.84 2.76 2.12 2.32 2.44 2.08 2 1.92 1.92 1.84 1.68 1.72 2.24 1.84 1.92 1.84 1.52 0.84 0.35 0 -9999 0 0 0 0 0 0 0 0 0 0 0 0 0 0.2 0 -9999 -9999 -9999 -9999 -9999 -9999 -9999 -9999 -9999 -9999 -9999 -9999 -9999 -9999 -9999 -9999 -9999 -9999 -9999 -9999 -9999 -9999 -9999
-9999 -9999 2.954545 2.92 2.96 2.88 2.96 3.04 3 3 2.48 2.84 3 3 2.76 2.96 3 3 3 3 2.88 2.92 2.44 2.68 2.681818 2.28 2.6 2.2 2.08 2.44 2.64 2.68 2.2 1.76 1.96 1.96 1.88 1.68 1.28 0.4166667 0 -9999 -9999 0 0.0952381 0 0 0 0 0 0 0 0.1304348 0 0 0 -9999 -9999 -9999 -9999 -9999 -9999 -9999 0 -9999 -9999 -9999 -9999 -9999 -9999 -9999 -9999 -9999 -9999 -9999 -9999 -9999 -9999 -9999
-9999 -9999 3 2.8 3 3 2.92 2.84 2.92 2.92 2.8 3.16 3.2 3.2 3.04 3.2 3.24 3.2 3.2 3.2 3.2 3.16 2.92 3.12 3.04 3 3 3 2.96 2.64 2.56 2.12 1.84 1.772727 1.916667 2 1.8 2 1.92 1.36 0.3913043 0 0 -9999 0 0 0 0 0 0 0 0 0.07142857 -9999 -9999 -9999 -9999 -9999 -9999 -9999 -9999 -9999 0 0 0 -9999 -9999 -9999 -9999 -9999 -9999 -9999 -9999 -9999 -9999 -9999 -9999 -9999 -9999
-9999 -9999 3 2.88 3 3 3 2.96 2.76 2.76 2.8 2.8 2.92 2.92 2.76 2.96 2.84 2.88 2.88 2.96 2.96 2.8 2.8 2.56 2.84 2.6 2.64 2.84 2.72 2.4 2.48 2.16 1.96 2.2 2.24 2.16 2.08 2 2 1.84 1.36 0.56 0 -9999 -9999 0.3333333 0 0 0 0 0 0 -9999 -9999 -9999 -9999 -9999 -9999 -9999 -9999 0 0 0 0 0 0 0 -9999 -9999 -9999 -9999 -9999 -9999 -9999 -9999 -9999 -9999 -9999 -9999
-9999 -9999 3 2.8 3 3 3 3 2.88 2.96 2.76 3 3 3 2.8 3 3 3 2.88 3 3 2.96 2.56 2.56 2.48 2.44 2.28 2.44 2.72 2.52 2.4 2.04 2.2 2.44 2.24 2.04 2 2 1.88 1.84 1.96 1.44 0.4 0 -9999 -9999 0 0 0 0 0 0 0 -9999 -9999 -9999 -9999 -9999 0 0 0 0 0 0 0 0 0 -9999 -9999 -9999 -9999 -9999 -9999 -9999 -9999 -9999 -9999 -9999 -9999
-9999 -9999 3 2.8 3 3 3 3 2.88 2.88 2.76 3 3 3 2.88 3 3.04 3 3 2.96 3 3 2.88 2.48 2.48 2.52 2.043478 2.8 2.52 2.16 2.16 2.36 2.08 2.04 2.2 2.32 2.48 1.88 1.92 2 1.84 1.76 1.2 0.3333333 0 -9999 -9999 0 0 0 0 0 0 0 -9999 0.1666667 0 0 0 0 0 0 0 0 0 0 0 -9999 -9999 -9999 -9999 -9999 -9999 -9999 -9999 -9999 -9999 -9999 -9999
-9999 -9999 3 2.76 3 3 3.04 3 2.8 3 2.8 3 3 3 2.8 3 3 3 3 3 3 3 3 2.72 2.84 2.36 2.16 2.52 2.64 2.36 2.36 2.4 2.36 2.32 2.04 2.76 2.12 1.76 1.76 1.92 2.04 2 1.76 0.88 0.1176471 1 -9999 -9999 0 0 0 0 0 0 0 0 0 0 0 0 0 0 0 0 -9999 -9999 -9999 -9999 -9999 -9999 -9999 -9999 -9999 -9999 -9999 -9999 -9999 -9999 -9999
-9999 -9999 3 3 3 3 3 3 2.8 3 2.8 3 2.96 2.96 2.76 2.96 3.04 2.92 2.96 2.96 3 2.88 2.88 2.64 2.8 2.8 2.5625 2.65 2.6 2.44 2.36 2.36 2.4 2.08 2.12 2.76 2.04 1.76 2.04 2.04 2 2 2 1.6 0.6 0 -9999 -9999 -9999 -9999 0 0 0 0 0.04166667 0.08 0.75 0.4736842 0 0 0 0 0 0 -9999 -9999 -9999 -9999 -9999 -9999 0 -9999 -9999 -9999 -9999 -9999 -9999 -9999 -9999
-9999 -9999 3 2.96 3 3 3 3.04 2.88 3 2.92 3 3 3 2.88 3 3.2 3.4 3.32 3 3 3 3 2.84 3.16 2.96 2.857143 3.130435 2.76 2.64 2.56 2.56 2.36 2.2 2.72 2.12 1.88 2 2.04 1.84 1.96 1.96 1.6 1.6 1.04 0.25 0 -9999 -9999 -9999 0 0 0 0.04 0.16 0.25 0.68 0.9583333 0.25 0 0 0 0 0 -9999 -9999 -9999 -9999 -9999 0 0.5 -9999 -9999 -9999 -9999 -9999 -9999 -9999 -9999
-9999 -9999 3 2.88 3.04 3 3 3 2.76 2.92 2.76 3 3 3 2.8 3 3 3 3.04 3 3 3 3 2.56 2.8 2.6 2.32 2.72 2.52 2.92 2.52 2.32 2.16 2.28 2.48 1.92 1.88 1.96 1.8 1.8 1.96 2.28 1.96 1.68 1.12 0.84 0 -9999 -9999 -9999 -9999 0 0 0 0 0 0 0.2 0.64 0 0 0 0 0 -9999 -9999 -9999 -9999 -9999 0 0.6 -9999 -9999 -9999 -9999 -9999 -9999 -9999 -9999
-9999 -9999 3 2.88 2.96 3 2.96 2.96 2.76 2.96 2.84 2.96 2.92 2.88 3 3 3 2.96 2.92 2.84 2.76 2.48 2.2 1.8 2.08 2.565217 2.44 2.16 2.32 2.64 2.6 2.4 2.48 2.96 2.24 2 2.08 2.04 1.68 1.88 2.16 2.32 1.72 1.92 1.12 0.92 0 0 -9999 -9999 -9999 0 0 0 0 0 0.36 0.52 0.12 0 0 0 0 0 -9999 -9999 -9999 -9999 -9999 -9999 0.2142857 -9999 -9999 -9999 -9999 -9999 -9999 -9999 -9999
-9999 -9999 3 2.8 3 3 3 3 3.041667 3 3.2 3.2 3.2 3.04 3.2 3.2 3.2 3.2 3 3 2.64 2.56 2.2 2.12 2.12 2.68 2.64 2.12 2.28 2.56 2.36 2.44 2.84 2.52 2.04 2.08 2.24 2 1.68 2 2.52 2 1.72 1.68 1.08 1 0.4 0 0 -9999 -9999 -9999 0 0 0 0 0 0 0 0.12 0 0 0 0 -9999 -9999 -9999 -9999 -9999 0 0 -9999 -9999 -9999 -9999 -9999 -9999 -9999 -9999
-9999 -9999 3 2.8 3 3 3 3 2.96 3.4 3.12 3.2 3.2 3.12 3.2 3.2 3.2 3.2 3.12 3.32 3.28 3.36 2.08 1.92 2.16 2.625 2.24 1.96 2.32 2.4 2.04 2.48 2.76 2.28 1.92 2.2 2.16 1.92 1.48 2.24 1.88 1.88 1.96 1.72 1.6 1.04 0.8 0.12 0 -9999 -9999 -9999 0.1666667 0 0 0 0 0 0 0.1666667 0 0 0 0.4210526 0.875 0 -9999 0 -9999 0 0 -9999 -9999 -9999 -9999 -9999 -9999 -9999 -9999
-9999 -9999 3 2.84 3.04 3 2.96 3.08 2.92 3 2.84 2.92 2.88 2.88 3 2.96 2.96 2.92 2.64 2.72 2.72 2.2 2.12 1.32 2.28 2.826087 2.36 2.64 2.4 2.88 2.4 2.52 2.68 2.76 2.32 2.36 1.8 1.44 1.48 2.375 1.8 2 1.88 1.72 1.32 1.12 0.96 0.6 0.1666667 0 -9999 -9999 0 0 0 0 0 0 0 0.04166667 0.2380952 0.2173913 0.92 1.12 1 0.92 0.6 0 0 0 0 0 0 -9999 -9999 -9999 -9999 -9999 -9999
-9999 -9999 3 2.8 3 3 3 3.04 2.92 3 2.8 3 3 2.88 3 3 3 3 2.68 3 2.72 2.72 3.36 2.88 2.8 2.333333 2.72 2.76 2.76 2.72 2.84 2.72 2.52 2.2 2.2 2.44 2.6 2.52 2.76 2 1.8 1.72 1.72 1.44 1.04 0.96 0.96 1 0.72 0.04347826 -9999 -9999 -9999 0 0 0 0 0 0.3333333 0 0 0.76 1.32 1.88 1.12 1 0.4782609 0.28 0 0 0 0 0 -9999 -9999 -9999 -9999 -9999 -9999
-9999 -9999 3 2.8 3 3 3 3 3 3 2.92 3.16 3.04 2.88 3.04 3.08 3.08 3.08 2.88 2.88 2.68 3.4 2.76 2.08 2.52 2.434783 2.52 2.56 2.32 2.8 2.6 2.6 2.32 2.04 2 1.96 2 1.8 2.16 2.36 1.88 1.88 1.96 1.2 1 1.04 1 1 0.96 0.16 0 -9999 -9999 0 0 0 0 0 0.72 0.72 0.8 1 1.8 2 1.52 1 0.5555556 0.08695652 0 0 0 0 0 0 -9999 -9999 -9999 -9999 -9999
-9999 0 3 2.84 3 3 3 3.24 3.24 3.16 3.24 3.2 3.08 3 3.2 3.36 3.12 3 3 2.952381 3.04 2.92 3.04 2.52 2.84 2.72 2.36 2.96 2.88 2.8 2.76 2.48 2.16 2.08 2 2.04 2 1.8 1.96 2.4 1.36 1.8 2 1.36 1 0.88 0.96 1 0.84 0.04347826 0 -9999 0 0 0 0 0 0 0.76 0.96 0.84 1 1.04 1.2 1 0.9545454 0.7777778 0 0.2105263 0 0 0 0 0 0 -9999 -9999 -9999 -9999
-9999 0.4 3 2.8 3 3 3 3.04 3.08 3.12 3.12 3.16 3.32 3.64 3.88 3.52 3.2 3.08 3.24 3.08 2.84 2.84 3.32 3.12 2.333333 2.72 1.913043 2.4 2.24 2.28 2.12 2.08 2.08 2.08 2.16 2.2 2 1.92 1.76 2.32 2.08 1.96 1.32 1.28 0.96 0.72 0.2 0.25 0.16 0 -9999 -9999 0 0 -9999 0 0 0.24 0.8 1 1 1 0.7083333 0.5833333 0.45 0.4705882 0.7894737 0.8095238 0.9166667 1.666667 1.375 0 0 0 0 -9999 -9999 1.571429 1
-9999 1 2.24 2.32 2.48 2.6 2.52 3.08 3.08 3.04 3 3.2 3.28 3.04 3.72 3.16 3.16 3.48 3.04 2.92 2.92 2.84 2.68 3.16 2.56 2.32 1.72 2 2 2 1.96 2 1.96 2 1.88 1.84 1.96 2.24 2.125 1.92 2.16 1.68 1 0.28 0 0 0 0 0 0 -9999 -9999 -9999 -9999 -9999 -9999 0 0 0.04 0.68 0.9166667 0.6363636 0.2608696 0.64 0.92 1 1 1 1.375 3.76 2.375 0.05555556 0 0 0 -9999 1 1.666667 0.64
-9999 1 2 1.8 2 1.68 1.72 2.28 2.96 3.48 3.52 3.36 2.88 3.68 3.24 3.2 3.36 3.04 2.88 3.12 3 2.608696 2.833333 3 3.2 2.8 2.44 1.88 2.04 2.08 2 2 2 1.88 1.92 2.08 2.28 1.8 1.92 1.56 1.68 1.72 0.96 0.56 0 0.08 0 0 0 -9999 -9999 -9999 -9999 -9999 -9999 -9999 -9999 0 0 0.04347826 0.6 0.7826087 0.2 0.2 0.24 0.16 0.84 0.88 0.875 0.6818182 0.04761905 0 0 0 0 1.2 1.25 0.9444444 0.3333333
-9999 1 1.28 0.6086956 0.88 1.08 1.44 1.16 2.44 3.64 3.56 3.84 3.24 2.92 4.12 3.4 3 2.8 3.04 2.84 2.8 3 2.84 2.8 3.24 3.08 2.88 2.2 2.08 2.08 2 1.88 1.84 2 2.2 2.12 1.76 1.88 1.76 1.72 1.08 1.2 1.64 0.92 0.2 0 0 0 -9999 -9999 -9999 -9999 -9999 -9999 -9999 -9999 -9999 -9999 0 0 0.28 0.08 0 0 0 0 0 0.08333334 0.08695652 0 0 0 0 0 0.55 1.636364 0.72 0.88 0.96
-9999 0 0 0.1578947 0.72 1.52 1.24 1.52 2.64 3.12 3.6 3.68 3.68 3.96 3 3 3.04 3 2.6 2.88 3 3.04 2.68 2.92 3 3 2.96 2.24 1.92 1.96 1.84 1.88 2.16 2.2 1.84 1.8 1.8 1.56 1.72 1.64 0.88 0.92 1.08 1.68 1.24 0.2 0.05 -9999 -9999 -9999 -9999 -9999 -9999 -9999 -9999 -9999 -9999 -9999 -9999 0 0 0 0 0 0 0 0 0 0 0 0 0 0 0.65 1.478261 0.84 0.52 0.88 0.96
-9999 0 0 0 0.2142857 0.7826087 2.08 2.76 3 3.04 3.48 3.96 3.32 3 2.88 2.96 3.12 2.8 2.92 3.04 3.08 3.08 2.68 2.84 2.92 2.52 2.16 2.04 1.68 1.84 1.88 2.24 1.92 1.72 1.88 1.92 1.92 1.56 1.76 1.44 1.12 0.84 1 1.56 0.76 1.6 1.041667 0 0 -9999 -9999 -9999 -9999 -9999 -9999 -9999 -9999 -9999 -9999 -9999 0 0 0 0 0 0 0 0.16 0.76 0 0 0.4285714 1.25 1.041667 0.84 0.76 0.76 0.92 0.8
