lus_demo/data/Current_situation/Thematic_maps/Safety/Waterdepth.asc
ncols         540
nrows         650
xllcorner     10000
yllcorner     300000
cellsize      500
NODATA_value  -9999
[rows 350 to 384 of 650, columns 158 to 236 of 540]
-9999 -9999 0 0 0 0 0 0.4444444 0.7272727 0.88 0.6190476 1 1.68 1.64 1 0.9375 0 0 0.25 1.25 1.3 1.73913 1.88 1.72 2.12 2 2.28 2.12 2.52 2.24 2.04 0.2272727 1.583333 2 2 1.833333 1.32 1.2 1.4 1.25 2.625 3.92 3.76 3.28 3.28 2.88 3.52 2.16 2 1.2 2 2 1.36 2 1.88 1.68 1.96 2 1.92 1.44 0.96 1.96 1.8 1.24 2 2 2 2 2 0.8 1.833333 1.92 1.04 1.44 1.2 1.36 1.48 1.4 1.04
0 -9999 0 0 -9999 0 0 0.55 1 1.04 1 0.96 1.12 1.04 1 0.6666667 0 0 0 0.7647059 1.117647 1.75 2 2 2 2 2.04 2.64 2.56 2.48 1.84 1.2 0.7826087 1.88 1.5 0.4705882 1.4 1.52 1.56 1.44 2.727273 3.68 3.68 3.2 3.12 3.52 3.76 2.72 2 1.6 1.6 2 1.28 1.6 1.68 2 2 2 1.44 1.28 0.96 1.44 1.36 1.76 2 2 2 2 1.24 1.52 1.96 2 2 2 1.8 1.4 1.68 1.4 1.08
0 -9999 -9999 -9999 -9999 -9999 0 0.05263158 0.96 1 1 0.8 0.76 0.64 0.84 0 0 0.04761905 0 0 0 1.7 1.391304 1.92 1.92 1.96 2.56 2.08 2.68 2.36 1.96 1.565217 0.8571429 0.55 1 0.5454546 1.583333 1.68 1.68 1.2 0.7391304 1.458333 2.32 3.28 3.76 3.04 3.44 2 2 2 1.12 1.590909 0.9473684 1.92 2 2 2 2 1.68 0.88 0.96 0.7826087 1.2 1.76 1.24 1.04 1.16 1 0.92 1.96 2 1.96 2.36 2.6 2.2 2 2 1.92 1.72
-9999 -9999 -9999 -9999 -9999 -9999 0 0 0.8695652 1 1.08 0.84 0.96 0.76 0.8421053 0 0 0 0 0 0 1.55 1.92 1.454545 1.473684 1.565217 2.047619 2.04 2.12 1.913043 2 1.894737 2 0.04545455 0.3 0.9583333 0.8095238 1.4 1.76 1.56 0.7 1.238095 1.36 1.24 3.52 3.52 2.96 1.52 1.48 1.68 1.4 1.1 1.16 2 2 1.84 2 1.56 1 0.28 0.68 0.3157895 1.08 1.4 2 2 2.04 2.16 2.4 2.16 2 1.92 2.68 2.84 2.04 2.04 2 2 2
-9999 -9999 -9999 -9999 -9999 -9999 0 0 0.8571429 1 1.12 0.68 0.8 0.92 0.8333333 -9999 0 0.04 0 0 0 1.0625 1.68 2.16 2.48 2.36 2 1.96 2.72 2.4 2.32 1.75 1.782609 0.2 0 0.25 0.6875 0.9565217 0.8333333 0.5652174 0.5882353 0.7368421 1.2 1.56 1.8 1.88 1.8 1.56 1.12 1.12 1.84 1.04 1.086957 1.24 0.5 0.9411765 0.9473684 0.9473684 1.76 2.16 2.76 1.5 1.4 2.56 2.36 2.28 2.16 2.32 2.28 2.16 2.04 2 2.36 2.28 2.04 2.04 2 2 2
-9999 -9999 -9999 -9999 0 0 -9999 0 0.8636364 1 1.24 1 1 0.8181818 1 0 0 0 0 0 0 0.6666667 1.48 2 2.32 3 2.96 2.44 1.96 1.92 1.92 2 1.785714 0.9090909 0 0.6666667 0.4375 0.3333333 0.1666667 0.2857143 0.5714286 1.095238 1.28 0.8695652 1.041667 1.32 1.24 1.28 1.8 1.96 1.578947 1.181818 1.875 1.8 3 2.96 2.875 3 3 2.96 2.84 2.84 2.08 2.4 2.76 2.76 2.8 2.72 2.2 2.4 2 2 2 2.12 2.64 2.32 2 2 2
-9999 -9999 -9999 0 0 0.1052632 0 0 0.96 0.96 1 1 1 0.8636364 -9999 -9999 0 0 0.08333334 0.4210526 0.56 0.5294118 1.952381 2.4 2.6 3 3 2.96 2.24 2.6 2.12 1.5 1.863636 2.875 2.818182 0 0.6 0.8 0.7142857 -9999 0.8181818 2.75 1.25 0.7894737 0.96 1.52 1.96 2 2 1.85 1.384615 3 3 3 3 3 3 3 3 3 2.96 2.88 2.84 2.4 2.64 2.4 2.12 2.04 2 2 2 2 2 2.04 2.04 1.88 1.72 1.84 1.84
-9999 -9999 -9999 0.09090909 0.08 0.04 0 0.2352941 0.96 1.36 1.04 1 0.92 0.7333333 0 0 0.1304348 0 0.625 1 1 1.08 2.277778 2.84 2.44 2.84 2.92 2.96 2.44 2.28 2.25 2 3 3 3 2.85 1.5 1 1 3 2.952381 2.92 3 2.7 1.75 1 1.666667 2 1.105263 2.333333 3 3 3 3 3 3 3 3 3 2.96 3 2.92 2.96 2.72 2.76 2.52 2.76 2.24 2.04 2 2 2.04 1.68 1.8 2 2 2 2 2
0 0 -9999 0.375 0 0.08695652 0 0.4444444 1.12 1.08 1.16 1 0.96 0.7142857 0 0 0 0 0.9130435 1 0.96 1 1.1875 2.52 2.88 2.92 2.6 2.72 2.2 2.36 1.526316 2.56 3 3 2.869565 1.444444 0.6666667 1.285714 3 3 3 2.96 3 3 3 3 3 2.6 2.5 2.4 3 3 3 3 3 2.96 3 3 3 3 3 3 3 3 3 2.84 2.48 2 1.96 2 2 2 2 1.96 1.96 2 2 2 2
0 0 -9999 0.2941177 0.9130435 0.5882353 0.25 1.05 1.16 1.32 1.416667 1.277778 0.5333334 0 0 0 0.04347826 0.7083333 1 1 0.88 0.56 0.9166667 2.470588 2.44 2.36 2.88 2.48 2.6 2.16 2.12 2.52 2.92 2.608696 0.2142857 1.2 3 3 3 3 3 3 3 3 3 3 3 2.88 2.791667 1.869565 2.72 3 3 2.96 3 3 3 3 3 3 3 3 3 3 2.8 2.28 2 2 2 2 2 2 2 2 1.8 2 2 2 1.92
0 -9999 -9999 0 1.263158 1.08 1 0.9583333 1.4 1.444444 0 0 0 0 0 0 0 0.88 1 1 0.96 0.5217391 0.6086956 1 2.48 2.92 2.88 2.84 2.32 2.36 2.92 2.84 2.458333 0.8421053 0.4285714 3 3 3 3 3 3 3 3 3 2.88 3 2.84 2.88 2.84 2.68 2.52 2.4 2.6 3 3 3 3 3 3 3 3 3 2.76 2.84 2.8 2.56 2.04 2 2 2 2 2 1.96 1.6 1.6 2 2 2 1.84
0 -9999 -9999 -9999 -9999 0.5909091 0.88 1.32 1.68 1.45 0 0 0.16 0.04347826 0.04 0.16 0 0.84 1 1 1.96 0.8571429 0.92 1.5 3.04 2.96 2.8 2.28 2.92 2.68 3 2.92 2.0625 3 3 3 3 3 3 3 3 3 3 3 3 2.88 2.92 2.96 2.88 3 3 3 2.68 2.52 3 3 3 3 3 3 2.92 2.72 2.8 3 2.72 2.84 2.04 2 2 2 2 2 1.76 1.88 1.28 1.72 2 1.8 1.12
0 0 -9999 -9999 0.6666667 0.7083333 1.04 1.88 2.04 1.411765 0.25 0.24 0.36 0.36 0.85 0.7647059 0.4705882 0.4 1.92 0.76 1.28 0.4285714 0.72 2.428571 2.88 2.4 1.8 3 2.32 3 2.85 2.555556 2 3 3 3 3 3 3 3 3 3 3 3 3 3 2.96 3 3 2.76 2.88 3 3 2.28 2.88 3 3 3 2.92 2.76 2.88 3 3 3 2.88 2.24 2 2 2 2 1.92 2 2 2 1.64 1.08 1.08 0.52 0.3125
0 0 0 0.25 0.4166667 1 1 1.76 2 1.333333 0.64 0.24 0.32 0.3571429 0.72 0.8 0.09090909 0.04166667 1.2 1.88 0.68 0.6 0.7619048 2.142857 2.44 2.6 2.84 1.8 2.733333 3 -9999 3 3 3 3 3 3 3 3 3 3 3 3 3 3 3 2.88 2.92 3 3 2.92 2.84 3 3 2.12 2.84 2.96 2.72 2.52 2.96 3 3 2.92 2.4 2 2 2 2 1.88 1.64 1.84 1.84 1.72 1.6 1.28 0.96 1.105263 0.8888889 -9999
0 0 0.368421 0 0 0.7619048 0.88 0.92 1.6 0.8888889 0.52 0.4 0.24 0.1428571 0.2173913 0.24 1 0.173913 0.5416667 0.48 0.875 1 0.7777778 1.130435 1.05 2.72 2.782609 1 3 3 3 3 3 3 3 3 3 3 3 3 3 3 3 3 3 3 2.72 2.64 3 3 3 2.8 3 2.8 2.32 2.12 2.04 2 2.32 2.52 2.96 2.48 2.2 2 2 2 1.96 1.68 1.92 1.12 1 0.96 0.96 1 1.6 1.92 1.714286 -9999 1.5
0 0 0.5217391 0.4 0.04166667 0.4782609 0.5416667 1.04 1 0.6428571 0.125 0.3333333 0.2916667 0.08333334 0.4 0.9583333 0.76 0.7391304 0.92 0.88 0.88 0.6190476 1.208333 1.28 1.24 1.25 0.6428571 0 2.7 3 3 3 3 3 3 3 3 3 3 3 3 3 3 3 3 3 3 3 3 3 3 2.52 2.44 2.08 2.28 1.92 1.92 2 2 2 2.04 2.16 2.52 2 1.96 1.84 1.84 2 2 1.44 1.058824 1.055556 0.625 0.1304348 0.84 1.1875 -9999 1.833333 2
0 0 0 0.16 0.25 0.96 0.88 1.041667 0.96 0.3529412 0.16 0.08 0.1333333 0.6 1.24 0.75 1.28 1.36 1.12 1 0.64 0.72 1.28 1.4 1.125 2.315789 0.25 0 0 3 3 3 3 3 3 3 3 3 3 3 3 3 3 3 3 3 3 2.96 3 3 3 2.84 2.36 2 2.36 2.04 2.12 1.92 2 2 2 2.04 1.92 1.8 1.92 2 2 2 2 1.75 -9999 1.333333 0 0 0.4 1 2 1.88 2.04
0 0 0.04 0.2142857 0.3043478 1 0.88 0.36 0.28 0.75 0.32 0.04 0.36 1 0.92 1.28 1.04 1.2 1.26087 0.8181818 1.16 1.04 0.9545454 1.636364 3 2.75 0 0 0 0.3333333 3 3 3 3 3 3 3 3 3 3 3 3 3 3 3 3 3 3 2.96 3 2.96 2.96 2.36 2.2 2.08 2.12 2.12 2 2.24 2.52 2.08 1.92 2.08 2.24 2 2 2 2 1.84 1.25 2.444444 1.5 1.375 0.8 -9999 1.888889 2.08 2 2
0 0 0.04347826 0 0.3076923 1.083333 0.6 0.56 0.88 2.36 1.32 0.2727273 1.947368 1.375 0.9565217 0.84 1.095238 1.166667 1.142857 1.809524 2.304348 2.380952 3 3.28 3.05 0.1875 0 0 0 0.5454546 2.916667 2.92 3 3 3 3 3 3 3 3 3 3 3 3 3 3 3 3 2.52 2.76 2.76 2.72 2.84 2.92 2.48 2.52 2.56 2.04 1.84 2.36 1.96 2.28 2.16 2.04 2 2 2 2 1.846154 1 1.956522 2.36 1.52 2.64 3 2.681818 2.130435 1.6 2
-9999 0.08333334 0.1428571 0 0 0.5294118 0.24 0.4166667 0.92 1.291667 1.363636 0.9130435 1 3 2.15 3.227273 3.52 2.791667 3.36 3.16 3 3.12 2.96 1.954545 0 0 0 0.04 0 3 3 2.84 2.92 3 3 3 3 3 3 3 3 3 2.76 3 2.92 2.88 2.8 2.84 2.88 2.96 3 3 3 2.96 2.36 2.64 2.52 1.76 1.72 1.545455 2 2 2 2 2 2 2 1.8 -9999 1.055556 2 3 3 2.8 3 3 2.380952 1.44 2.16
0 0.5 0.3125 0 -9999 0.3636364 0.3888889 0.4 0.625 0.5 0 0.75 0.6111111 3.15 3.75 3.96 3.92 3.92 3.12 3.36 3.24 2.32 0.875 0 0 0 0 0 0 3 3 3 3 3 3 3 3 3 3 3 3 3 2.92 2.92 2.56 2.96 3 3 3 3 3 2.96 3 3 2 1.84 1.8 1.92 2 1.428571 1.92 2 2 2 1.826087 1.75 1 1 3 2.84 3 3.04 3 2.88 2.96 3 3 1.714286 2
0 0.05 0 -9999 0 0.8 1.4 1.2 0.8 0.8421053 0.2 3.583333 3.5 2.090909 4.772727 3.76 3.92 3.68 2.92 3.2 2.8 1.12 0.04 0 0 0 0 0 0.8571429 3 3 3 3 3 3 3 3 3 3 3 3 3 2.8 3 3 2.92 3 3 3 3 3 3 2.92 2.52 2 2.2 -9999 2.6 2.75 -9999 1.333333 1.8 1.636364 1.833333 -9999 3 3 3 3 3 3 3.04 3.08 3 2.84 3.32 3.52 3.166667 1.791667
0 0 0 0 0 0.5789474 1.666667 1.6 1.12 1.32 1.409091 3.72 4 2 5.130435 3 2.8 3.28 2.96 2.84 0.84 0.2 0 0 0 0 0 3 3 3 3 3 3 3 3 3 3 3 3 3 3 3 2.96 3 3 3 3 3 3 3 2.8 2.68 2.64 2.333333 2 1.833333 3 3.04 2.92 2.4 1.75 2.8 3 3 3 3 3 3 3 3.12 3 3.04 3.2 3 3.2 3.52 3.44 3.52 1.368421
0 -9999 0 0.1333333 0.07142857 0.04761905 1.285714 1.304348 1.56 1.36 1.8 2.08 2.8 0.5 4.666667 2.473684 2.48 2.32 1.96 0.92 0.84 0.72 0.08 0 0 0 2.777778 3 3 3 3 3 3 3 3 3 3 2.96 3 2.56 2.52 2.72 2.68 2.88 3 3 2.8 2.44 2.583333 2 2.16 2.56 2.04 2 -9999 2.529412 3.2 3.56 3.64 3.48 2.64 3.04 3.04 3 3 3 3 3 3 3.56 3.56 3.36 3.2 3.04 2.96 3.4 3.28 3.24 1.625
0 0 -9999 0 0 0 0 0.3333333 0.6956522 1.058824 1.68 1.76 1.64 1.875 2.25 0.952381 1.36 1.28 0.72 0.8333333 0.8 0.68 0.2352941 1.166667 2 1.25 2.541667 2.92 3 3 3 3 3 3 3 2.92 2.8 2.76 2.76 2.92 3 3 3 2.44 2.48 2.56 2.24 2.64 2.24 2.08 2 2 2 2.333333 2.4375 3.2 3.44 3.92 3.76 3.44 3.24 2.92 3 3 3 3.04 3 3.2 3.32 3.36 3.84 3.68 3 3 3.12 3.36 3.6 2.52 1.625
1.25 0.5294118 0.2941177 0.12 0.1304348 0.08333334 0.1666667 -9999 0 -9999 2 1.333333 1.666667 1.96 1.5 0.0625 0.125 0.55 2.4 2.52 1 0.5 2.75 3 2.96 2.88 2.96 2.72 2.8 3 3 3 3 2.8 2.4 2.48 2.96 3 3 3 3 3 3 2.84 2.52 2.36 2.28 2.08 2 2 2 3 3.857143 2.65 3.64 3.44 3.32 3.6 3.64 3.56 3.64 2.96 3.12 3.16 3 3.04 3.28 3.24 3.52 3.84 3.8 3.8 3.08 3.04 3.04 3.2 3.08 2.64 1.32
1.176471 0.8 0 0.2380952 0.12 0.16 0.3478261 -9999 -9999 -9999 -9999 -9999 1.333333 0.75 -9999 -9999 2 2.826087 3.4 3.2 2.555556 2.666667 3.04 3 3 3 3 3 2.68 3 2.68 2.6 2.52 2.8 3 3 3 3 3 3 3 3 3 2.76 1.6 1.857143 2.625 2.2 2 4 3.736842 3.6 3.84 3.76 3.4 3.72 3.8 3.92 3.68 3.68 3.68 3.2 3.16 3.08 3.04 3.48 4 3.68 3.96 3.68 3.88 4 3.16 3 3.08 3 2.6 2.84 2.16
-9999 -9999 0 0 0 0.4117647 0.6153846 -9999 -9999 -9999 -9999 -9999 -9999 -9999 -9999 -9999 2.692308 3.16 3.36 3.181818 4 2.529412 2.625 3 3 3 3 3 2.16 2.48 2.72 2.96 3 3 3 3 3 3 3 3 3 3 3 2.72 1.588235 1 3.333333 3.947368 3.823529 3.48 3.88 4 3.88 3.92 3.2 3.84 3.96 3.72 3.6 3.96 4 3.6 3.04 3.36 3.52 4 4 3.76 4 3.92 3.8 3.68 2.76 2.88 3.08 3.32 2.52 2.6 1.88
-9999 -9999 -9999 -9999 -9999 -9999 -9999 -9999 -9999 -9999 -9999 -9999 -9999 -9999 -9999 -9999 3.5 1 2.75 -9999 -9999 3 2.764706 2.5 2.48 2.44 2.4 2.52 2.84 2.8 3 3 3 3 3 3 3 3 3 3 3 3 2.92 2.266667 3.666667 3.833333 3.64 3.8 4 3.84 3.8 3.8 4 3.96 3.52 3.56 3.88 3.84 3.64 3.84 3.8 3.36 2.92 3.96 4 4 3.68 3.96 3.88 3.96 3.6 3.4 2.56 3.28 2.96 2.96 2.52 2.92 2.68
-9999 -9999 -9999 -9999 -9999 -9999 -9999 -9999 -9999 0.7142857 0 -9999 -9999 -9999 -9999 -9999 2 3 -9999 -9999 -9999 -9999 2.75 2.76 3 3 3 3 3 2.8 3 3 3 3 3 3 3 3 3 3 3 3 3 4 3.571429 3.84 4 4 3.76 3.68 3.84 4 3.72 3.52 4 4 3.36 3.68 3.84 3.96 3.52 3.88 3.28 3.88 3.96 3.8 4 4 3.76 3.56 2.64 2.96 3.24 3.16 3.28 2.76 2.84 2.48 3
-9999 -9999 -9999 -9999 -9999 -9999 -9999 -9999 -9999 0.6875 0.3 0 -9999 -9999 -9999 -9999 2 1.333333 1.714286 1.842105 1.769231 -9999 -9999 2.444444 2.954545 3 3 3 3 2.84 2.92 2.96 2.96 2.88 3 3 3 3 3 2.866667 2.833333 3.666667 4 3.52 3.72 3.96 3.8 3.76 3.88 3.96 3.68 3.6 3.84 4 4 4 4 3.28 3.32 3.36 3.6 3.84 3.12 3.76 3.8 3.96 4 3.88 3.12 2.48 2.8 3.24 3.2 3.76 3.76 2.2 3.12 2.24 2.96
-9999 -9999 -9999 -9999 -9999 0 -9999 0 0 0.36 0.85 0.2631579 0 0 0.4 -9999 -9999 -9999 2.25 1.92 2.04 1.636364 -9999 -9999 -9999 3 2.95 3 3 2.636364 2.541667 3 2.6 2.916667 3 3 3 3.888889 3.909091 4 3.866667 3.666667 3.96 3.92 3.88 3.76 3.8 3.88 3.48 3.2 3.88 4 3.96 4 4 3.96 4 3.68 3.44 4 3.84 3.64 3.92 3.24 3.92 3.92 3.44 2.96 3.08 3.04 4 3.96 4 3.6 3.2 2.56 3.2 2.96 3
-9999 -9999 -9999 -9999 0 0.04347826 0 0 0.25 0.1304348 0.3888889 0.4166667 0.09090909 -9999 0 -9999 -9999 -9999 2.769231 2.72 1.909091 2.44 1.764706 1.7 2.111111 2 -9999 2.75 1.8 2 3 -9999 3 2.5 3.8 3.625 3.869565 4 4 3.92 3.96 3.76 3.84 3.68 3.76 4 3.92 3.52 4 3.8 3.92 4 3.96 3.96 4 4 3.88 3.88 3.76 3.52 3.92 3.88 3.84 3.2 3.56 3.28 2.96 3.4 3.36 3.36 4 3.8 3.96 4 3.4 2.8 3 2.48 2.76
-9999 -9999 -9999 -9999 0 0 0 0 0.1428571 0.1666667 0.4 0.4 0.05 0.5 -9999 -9999 -9999 -9999 2.666667 2.92 2.72 2.875 2.68 2 1.909091 2 -9999 1.857143 2.583333 1.96 2.76 3.75 3.75 3.478261 3.52 3.72 3.32 4 3.76 3.76 3.48 3.76 3.6 4 4 3.76 3.44 4 4 4 4 3.96 4 4 4 4 4 3.88 3.72 3.32 3.92 3.76 3.4 3.04 3.4 3.4 3.52 3.36 3.68 2.64 3.68 3.8 3.88 3.88 2.92 3.04 3 2.76 2.541667
-9999 -9999 -9999 0 0 0 0 0 0 0 0.2631579 0.9411765 0.9130435 1 0 -9999 -9999 -9999 1.875 2.64 2.72 2.64 2.136364 1.869565 1.857143 0.9333333 2 2.75 2.96 2.08 2.04 2.6 3.64 4 4 3.84 3.48 3.36 3.88 4 3.76 3.92 3.24 3.56 3.6 3.8 4 4 4 4 4 4 4 3.96 3.92 3.76 3.6 3.6 3.96 3.28 3.32 3.64 3.64 3.32 2.6 3.84 3.68 3.72 2.68 3.64 2.6 3.24 3.4 3.08 2.72 3.04 3 3.08 2.68
