lus_demo/data/Current_situation/Thematic_maps/Noise/perc_opp_gt_50dba.asc
ncols         540
nrows         650
xllcorner     10000
yllcorner     300000
cellsize      500
NODATA_value  -9999
[rows 455 to 519 of 650, columns 288 to 383 of 540]
76 6 0 0 0 0 0 0 0 0 1 63 100 100 100 66 0 0 0 0 0 0 0 0 0 0 0 0 0 0 0 57 47 0 0 0 0 0 0 0 12 86 100 100 57 85 87 0 0 0 0 0 0 0 0 28 68 0 0 0 0 0 0 0 0 0 0 0 0 0 0 0 0 0 0 0 0 0 0 0 0 0 0 0 59 100 100 100 40 5 58 70 2 0 0 0
100 31 0 0 0 0 0 0 18 53 55 82 90 100 100 64 0 0 0 0 0 0 0 0 0 0 0 0 0 0 0 21 97 26 0 0 0 0 0 0 0 6 97 100 100 81 78 1 0 0 0 0 0 0 0 1 86 19 0 0 0 0 0 0 0 0 0 0 0 0 0 0 0 0 0 0 0 0 0 0 0 31 0 8 92 100 100 97 20 0 0 0 0 0 0 0
100 69 2 0 0 0 0 33 86 23 0 0 1 94 100 73 0 0 0 0 0 0 0 0 0 0 0 0 0 0 0 1 56 95 46 20 1 0 0 0 0 0 65 100 100 88 100 10 0 0 0 0 0 0 0 0 31 90 61 15 0 0 0 0 0 0 0 0 0 0 0 0 0 0 0 0 0 0 0 0 0 71 27 36 100 100 100 69 23 0 0 0 0 0 0 0
100 98 18 0 0 0 29 67 12 0 0 0 0 64 100 96 20 0 0 0 0 0 0 0 0 0 0 0 0 0 0 0 0 41 75 80 82 38 1 0 0 20 91 100 100 100 64 0 0 0 0 0 0 0 0 0 0 2 30 57 44 4 0 0 0 0 0 0 0 0 0 0 0 0 0 0 0 0 0 0 0 5 79 25 94 100 98 11 39 0 0 0 0 0 0 0
100 46 0 0 0 35 72 8 0 0 0 0 0 25 100 100 58 0 0 0 0 0 0 0 0 0 0 0 0 0 0 0 0 0 3 8 25 76 76 15 10 88 100 100 100 100 43 0 0 0 0 0 0 0 0 0 0 0 0 0 7 55 60 21 0 0 0 0 0 0 0 0 0 0 0 0 0 0 0 0 0 0 53 35 48 100 100 24 60 0 0 0 0 0 0 0
100 93 21 0 0 48 77 0 0 0 0 0 0 0 86 100 98 14 0 0 0 0 0 0 0 0 0 0 0 0 0 0 0 0 33 43 34 4 83 99 99 92 56 46 55 48 78 1 0 0 0 0 0 0 0 0 0 0 0 0 0 0 9 51 65 45 42 46 46 49 44 0 0 0 0 0 0 0 0 0 0 0 60 59 71 100 100 96 100 24 0 0 0 0 0 0
100 100 97 78 27 8 97 27 0 0 0 0 0 0 58 100 100 43 0 0 0 0 0 0 0 0 0 0 0 0 0 0 0 6 21 34 6 21 96 100 86 6 0 0 0 0 53 37 0 0 0 0 0 0 0 0 0 0 0 0 0 0 0 0 4 47 46 6 0 0 37 4 0 0 0 0 0 0 0 0 0 0 51 9 88 100 100 100 100 62 0 0 0 0 0 2
100 100 100 100 97 91 98 17 0 0 0 0 0 0 34 100 100 71 0 0 0 0 0 0 0 0 0 0 0 0 0 0 0 4 7 42 77 88 100 100 45 0 0 0 0 0 19 44 0 0 0 0 0 0 0 0 0 0 0 0 0 0 0 0 0 0 0 0 0 0 35 5 0 0 0 0 0 0 0 1 3 18 84 86 100 100 100 100 100 100 77 60 51 70 75 84
100 100 100 100 100 94 17 0 0 0 0 0 0 0 20 100 100 72 0 0 0 0 0 0 0 0 0 0 0 0 0 0 0 0 9 86 100 100 100 100 32 0 0 0 0 0 16 70 1 0 0 0 0 0 0 0 0 0 0 0 0 0 0 0 0 0 0 0 0 0 36 13 0 0 0 0 0 0 0 0 35 36 66 63 92 100 100 100 100 100 100 94 60 66 61 86
100 100 100 100 100 89 0 0 0 0 0 0 0 12 37 97 100 99 84 58 19 0 0 0 0 0 0 0 0 0 0 2 9 45 88 100 100 100 100 100 10 0 0 0 0 0 3 69 21 0 0 0 0 0 0 0 0 0 20 0 0 0 0 0 0 0 0 0 0 0 35 18 0 0 0 0 0 0 0 5 5 22 72 73 91 100 100 100 100 100 100 58 1 0 0 0
100 100 100 100 100 99 29 0 0 0 0 0 0 7 19 90 100 69 62 44 36 0 0 0 0 0 0 0 0 0 32 94 99 79 21 6 79 100 100 100 21 0 0 0 0 0 0 2 96 6 0 0 0 0 0 0 0 0 51 0 0 0 0 0 0 0 0 0 0 0 8 31 0 0 0 0 0 0 0 8 51 76 100 99 100 100 100 100 100 100 100 100 47 0 0 0
100 100 100 100 100 100 77 36 33 42 52 73 60 38 35 90 100 97 42 19 1 0 0 0 0 0 0 0 11 40 97 86 100 30 0 0 6 59 100 100 97 29 0 0 0 0 0 0 73 38 0 0 0 0 0 0 0 13 44 0 0 0 0 0 0 0 0 0 0 0 0 55 0 0 0 0 0 0 2 49 98 100 100 100 100 100 99 100 100 100 100 100 97 41 1 0
100 100 100 100 100 100 79 12 0 0 0 0 0 6 15 100 100 100 99 25 0 0 0 0 0 0 0 1 86 73 57 53 57 3 0 0 4 18 98 94 100 97 16 0 0 0 0 0 56 92 11 0 0 0 0 0 0 52 53 0 0 0 0 0 0 0 0 0 0 0 0 87 0 0 0 0 24 63 93 94 69 23 7 17 28 24 46 80 100 100 100 100 100 100 70 5
100 100 100 100 100 100 100 97 50 47 81 43 39 41 73 100 100 100 100 53 0 0 0 0 0 0 0 16 38 0 0 0 0 0 0 0 17 27 95 52 37 99 74 0 0 0 0 0 16 93 82 35 4 2 0 0 0 53 29 0 0 0 0 0 0 0 0 0 0 0 0 85 9 15 63 73 100 94 60 5 0 0 0 0 0 0 0 5 76 100 100 100 100 100 91 86
100 100 100 100 100 100 100 100 100 100 100 100 100 100 100 100 100 100 100 80 0 0 0 0 0 0 0 52 10 0 0 0 0 0 0 0 0 7 94 46 22 78 77 0 0 0 0 0 38 100 83 82 21 19 0 0 0 1 0 0 0 0 0 0 0 0 0 0 0 0 4 91 93 99 77 38 27 10 0 0 0 0 0 0 0 0 0 0 15 100 100 100 100 100 45 44
100 100 100 100 100 100 100 100 100 100 100 100 100 100 100 100 100 100 100 79 24 0 0 0 0 0 1 49 0 0 0 0 0 0 0 0 0 0 74 17 48 66 49 0 0 0 0 30 97 48 10 20 54 44 0 0 0 0 0 0 0 0 0 0 0 0 0 10 57 79 93 100 96 38 1 0 0 0 0 0 0 0 0 0 0 0 0 0 0 55 100 100 100 100 92 9
100 100 100 100 100 100 100 100 100 100 100 100 100 100 100 100 100 100 88 17 35 0 0 0 0 0 9 26 0 0 0 0 0 0 0 0 0 37 86 21 66 38 56 58 33 0 38 99 37 0 0 0 0 28 59 1 0 0 0 0 0 0 0 0 0 2 46 94 67 45 25 29 77 10 0 0 0 0 0 0 0 0 0 0 0 0 0 0 0 2 78 100 100 100 100 56
100 100 100 100 100 100 100 100 100 100 100 100 100 100 100 100 100 100 68 0 0 0 0 0 0 0 0 0 0 0 0 0 0 0 0 0 0 63 100 47 83 82 100 99 69 48 85 85 1 0 0 0 0 0 9 1 0 0 0 0 0 0 0 0 16 77 74 19 0 0 0 0 8 76 31 0 0 0 0 0 0 0 0 0 0 0 0 0 0 0 6 66 100 100 100 96
53 100 100 100 100 100 100 100 100 100 100 96 75 73 90 97 100 99 31 0 0 0 0 0 22 17 10 0 0 0 0 0 0 0 0 22 64 100 98 77 63 100 100 91 31 25 47 98 62 28 0 0 0 0 0 0 0 0 0 0 0 0 0 46 95 48 1 0 0 0 0 0 0 7 75 35 1 0 0 0 0 0 0 0 0 0 0 0 0 0 0 26 100 100 100 100
16 98 100 100 100 100 100 100 100 100 100 97 20 44 36 67 100 59 0 0 0 0 0 12 35 53 32 0 0 0 0 10 33 31 36 48 100 100 100 100 100 100 100 100 100 100 90 99 100 96 40 0 0 0 0 0 0 0 0 16 7 21 52 98 55 0 0 0 0 0 0 0 0 0 2 72 56 1 0 0 0 0 0 0 0 0 0 0 0 0 0 4 100 100 100 100
64 100 100 100 100 100 100 100 100 100 100 97 72 62 43 64 81 42 14 0 0 0 5 35 55 80 25 10 0 10 9 92 100 100 100 100 100 100 100 100 100 100 100 100 100 100 100 100 100 100 99 52 14 0 0 16 33 53 74 95 93 97 48 7 0 0 0 0 0 0 0 0 0 0 0 1 54 64 2 0 0 0 0 0 0 0 0 0 0 0 0 9 100 100 100 100
53 100 100 100 100 100 100 100 100 100 100 87 71 69 47 72 90 78 55 15 0 14 67 80 89 96 49 96 88 99 86 100 100 100 100 100 100 100 100 100 100 100 100 100 100 100 100 100 100 100 100 100 67 45 44 100 100 100 100 100 88 39 5 0 0 0 0 0 0 0 0 0 0 0 0 0 0 60 59 0 0 0 0 0 0 0 0 0 0 0 0 2 76 100 100 99
8 96 100 100 100 100 100 100 100 100 100 100 88 70 84 87 68 82 35 6 0 45 51 94 49 98 100 100 100 100 100 100 100 100 100 100 100 100 95 93 100 100 100 100 100 100 100 87 87 97 100 100 100 100 100 100 100 100 100 100 93 89 84 58 37 6 0 0 0 0 0 0 0 0 0 0 0 2 83 6 0 0 0 0 0 0 0 0 0 0 0 0 4 98 100 100
8 92 100 100 100 100 100 100 100 100 100 100 78 63 70 83 71 37 2 1 52 99 100 100 100 100 100 100 100 100 100 100 100 100 100 100 100 81 12 9 87 100 100 76 100 95 55 57 38 9 74 100 100 100 100 100 100 100 100 100 100 100 100 100 100 98 63 29 12 6 0 0 0 0 0 0 0 0 65 78 17 0 0 0 0 0 0 0 0 0 0 4 16 85 100 100
72 92 64 100 100 100 100 100 99 96 100 100 71 79 98 100 100 90 87 95 100 100 100 100 100 100 100 100 100 100 100 100 100 100 100 97 31 9 0 0 25 100 97 40 91 32 33 66 89 0 1 31 79 100 100 100 100 100 100 100 100 100 100 100 100 100 100 100 100 96 76 82 66 48 43 2 60 46 85 100 80 8 0 0 0 0 0 0 0 0 1 8 23 67 100 100
100 36 5 86 100 100 100 100 98 87 100 100 100 100 100 100 100 100 100 100 100 100 100 100 100 100 100 100 100 100 100 100 100 100 100 65 13 0 0 0 0 47 100 100 87 42 0 0 56 11 0 0 20 85 100 100 100 100 100 100 100 100 100 100 100 100 100 100 100 100 100 100 100 100 100 87 100 100 100 100 100 84 34 5 0 0 0 0 6 22 20 24 62 93 100 100
76 0 0 35 100 100 100 100 100 100 100 100 100 100 100 100 100 100 100 100 100 100 100 100 100 100 100 100 100 100 100 95 99 100 98 45 9 0 0 0 0 2 56 100 79 0 0 0 6 50 0 0 0 39 100 100 100 100 100 100 100 100 100 100 100 100 100 100 100 100 100 100 100 100 100 100 100 100 100 100 100 100 100 88 65 74 95 81 95 100 100 100 100 100 100 100
16 0 0 0 77 100 100 100 100 100 100 100 100 100 100 100 100 100 100 100 100 100 100 100 100 100 100 97 51 13 19 45 98 88 46 29 1 0 0 0 0 0 1 90 99 14 0 0 0 66 37 0 0 48 65 36 15 11 30 61 86 87 99 100 100 100 100 100 100 100 100 100 100 100 100 100 100 100 100 100 100 100 100 100 100 100 100 100 100 100 100 100 100 100 100 100
2 0 0 0 66 100 100 100 100 100 100 93 100 100 100 100 100 100 100 100 100 100 100 100 100 100 100 80 0 0 20 71 59 62 56 51 0 0 0 0 0 0 0 66 100 47 0 0 0 34 96 21 10 26 0 0 0 0 0 0 0 0 12 25 37 32 51 61 56 74 74 75 51 57 30 15 49 81 100 100 100 100 100 100 100 100 100 100 100 100 100 100 100 100 100 100
11 0 0 0 71 100 100 100 100 100 84 83 88 99 98 100 100 100 100 100 100 100 100 100 100 100 100 88 50 57 37 2 0 36 93 34 0 0 47 12 0 1 21 79 100 90 12 0 0 2 50 67 100 86 6 0 0 0 0 0 0 0 0 0 0 0 0 0 0 0 5 0 0 0 0 0 0 57 100 100 100 100 100 100 100 100 100 100 100 100 100 100 100 100 100 94
26 1 8 29 79 100 100 100 100 100 53 68 92 63 77 89 76 97 97 100 100 100 100 100 100 100 100 100 64 11 0 0 0 52 100 99 80 87 100 66 49 88 100 100 100 100 93 48 8 3 62 100 100 100 94 25 0 0 0 0 0 0 0 0 0 0 0 0 0 0 0 0 0 0 0 0 0 5 89 100 100 100 100 100 100 100 100 100 100 100 100 100 100 100 100 100
30 26 31 42 99 100 100 100 100 100 99 99 78 100 93 90 100 94 87 39 100 100 100 100 100 100 100 88 38 0 0 16 29 73 99 100 100 100 100 100 100 100 100 100 100 100 100 100 99 88 100 100 100 100 100 89 74 22 0 0 0 0 0 0 0 0 0 0 0 0 0 0 0 0 0 0 0 0 29 77 98 98 58 64 56 65 75 92 93 83 100 100 100 100 100 100
37 38 57 55 100 100 100 100 100 100 100 100 98 100 100 100 95 80 49 6 99 100 100 100 100 100 100 100 77 10 32 94 100 100 98 97 69 65 98 100 96 100 100 100 100 100 100 100 100 100 100 100 100 100 100 100 100 74 52 0 0 0 0 0 0 0 0 0 0 0 0 0 0 0 0 0 0 0 0 0 35 88 7 6 4 1 0 5 2 1 67 100 100 100 100 100
27 42 24 98 100 100 100 100 100 100 100 100 100 100 100 100 100 100 69 27 100 100 100 100 100 100 100 100 100 99 100 83 100 82 4 5 0 0 73 96 35 98 100 100 100 100 100 100 100 100 100 100 100 100 100 100 100 100 100 90 70 56 9 4 0 0 0 0 0 0 0 0 0 0 0 0 0 0 0 0 0 83 28 0 0 0 0 0 0 0 1 36 85 100 100 100
0 25 62 96 100 100 100 100 100 100 100 100 100 100 100 100 100 100 82 28 95 100 100 100 100 100 100 100 100 95 73 22 96 48 8 0 0 0 1 14 0 24 35 45 76 94 100 100 100 96 95 100 100 100 100 100 100 100 100 100 100 100 99 94 35 64 65 5 0 0 0 0 0 0 0 0 0 0 0 0 0 33 65 0 0 0 0 0 0 0 0 0 10 90 100 100
0 50 100 100 100 100 100 100 100 100 100 100 100 100 100 100 100 100 100 100 100 100 100 100 100 100 100 100 98 100 56 0 9 0 0 0 0 0 0 0 0 0 0 0 0 41 99 100 100 27 58 100 100 100 100 100 100 100 100 100 100 100 100 100 100 100 100 94 79 35 0 0 0 0 0 0 0 0 0 0 0 3 84 6 0 0 0 0 0 0 0 0 0 71 100 100
31 100 100 100 100 100 100 100 100 100 100 100 100 100 100 100 100 100 100 100 100 100 100 100 100 100 100 100 94 31 30 0 0 0 0 0 0 0 0 0 0 0 0 0 0 0 27 95 99 26 67 100 100 94 86 97 100 100 87 59 72 100 100 100 100 100 100 100 99 91 22 8 0 0 0 0 0 0 0 0 0 0 47 50 0 0 0 0 0 0 0 0 2 68 100 100
58 100 100 100 100 100 100 100 100 100 100 100 100 100 100 100 100 100 100 100 92 100 100 100 100 100 100 100 100 62 0 0 0 0 0 0 0 0 0 0 0 0 0 0 0 0 0 32 100 100 94 100 100 82 8 19 91 71 4 0 0 53 100 100 100 100 100 100 100 100 100 76 2 0 0 0 0 0 0 0 0 0 12 85 0 0 0 2 6 0 29 91 93 100 100 100
100 100 100 100 100 100 100 100 100 100 100 94 99 100 100 100 100 100 100 75 18 93 58 36 74 100 100 100 100 42 0 0 0 0 0 0 0 0 0 0 0 0 0 0 0 6 8 19 56 84 91 49 58 68 2 0 17 73 0 0 0 8 79 100 100 100 100 100 100 100 100 100 88 89 89 52 20 5 0 0 0 0 0 45 13 10 46 82 98 49 77 100 100 100 100 100
100 87 37 67 49 65 72 82 78 93 95 34 52 100 92 65 39 51 100 66 0 3 0 0 11 100 100 100 100 49 0 0 0 0 0 0 0 0 0 0 0 0 0 0 10 36 31 27 15 19 98 25 0 25 14 0 0 36 35 0 0 0 7 34 57 100 100 100 100 100 100 100 100 100 100 100 100 96 87 46 51 60 56 78 73 84 100 100 100 100 100 100 100 100 100 100
24 1 0 0 0 0 0 0 9 38 73 1 1 79 33 0 0 0 36 78 0 0 0 0 0 78 100 100 100 84 0 0 0 0 0 0 0 0 0 0 0 0 0 0 0 26 28 34 10 0 80 30 0 0 22 3 0 0 62 26 0 0 0 0 37 100 100 100 99 100 97 100 100 100 100 100 100 100 100 100 100 100 100 100 100 100 100 100 100 100 100 100 100 100 100 100
0 0 0 0 0 0 0 0 0 0 25 0 0 77 2 0 0 0 0 81 65 11 0 0 0 51 100 100 100 100 20 0 0 0 0 0 0 0 0 0 0 0 0 0 0 20 22 25 18 0 69 44 0 0 3 35 0 0 3 61 38 0 0 0 1 17 63 59 58 60 58 100 100 100 100 100 100 100 100 100 100 100 100 100 100 100 100 100 100 100 100 100 100 100 100 65
0 0 0 0 0 0 0 0 0 0 2 0 7 75 0 0 0 0 22 69 99 65 1 0 0 67 100 100 100 100 87 14 0 0 0 0 0 0 0 0 0 0 0 0 4 2 11 0 17 4 62 46 0 0 0 14 34 30 4 0 40 69 9 0 0 0 0 0 0 1 2 46 65 95 100 100 100 100 100 100 100 100 100 100 100 100 100 100 100 100 77 96 75 80 45 2
0 0 0 0 0 0 0 0 0 0 0 0 31 52 0 0 0 0 0 0 71 90 36 0 1 87 100 100 100 100 100 40 0 0 0 0 0 0 0 0 0 0 0 0 0 0 0 0 0 13 51 72 0 0 0 0 0 4 24 15 0 18 71 13 0 0 0 0 0 0 0 0 0 3 38 74 78 95 100 100 98 93 100 100 100 100 100 100 100 59 0 3 0 0 0 0
0 2 0 0 0 0 0 0 0 3 34 6 66 46 0 0 0 0 0 0 29 100 46 0 0 64 100 100 100 100 100 62 0 0 0 0 0 0 0 0 0 0 0 0 0 0 0 0 0 14 46 82 0 0 0 0 0 0 0 0 0 0 10 67 19 0 0 0 0 0 0 0 0 0 0 0 0 7 37 17 2 0 41 94 92 54 66 100 73 2 0 0 0 0 0 0
29 32 0 0 0 0 0 14 9 16 62 59 100 56 0 0 0 0 0 0 5 83 72 0 9 57 100 100 100 100 100 100 50 0 0 0 0 0 0 0 0 0 0 0 0 0 0 0 0 1 22 89 0 0 0 0 0 0 0 0 0 0 0 3 59 30 0 0 0 0 0 0 0 0 0 0 0 0 0 0 0 0 0 95 38 0 0 60 95 10 0 0 0 0 0 43
0 18 0 0 0 0 0 14 35 40 90 69 99 59 35 48 36 9 0 0 0 3 81 77 86 97 100 100 100 100 100 100 83 0 0 0 0 0 0 0 0 0 0 0 0 0 0 0 0 0 9 94 0 0 0 0 0 0 0 0 0 0 0 0 0 54 36 0 0 0 0 0 0 0 0 0 0 0 0 0 0 0 8 94 21 0 0 41 100 96 69 70 71 61 77 95
0 24 0 0 0 0 0 36 66 83 95 100 100 98 91 94 89 94 86 74 36 29 63 100 100 100 100 100 100 100 100 100 96 23 0 0 0 0 0 0 0 0 0 0 0 0 0 0 0 0 2 97 10 0 0 0 0 0 0 0 0 0 0 0 0 0 24 69 8 9 8 0 0 0 0 0 0 0 0 0 0 0 10 100 23 0 0 28 100 100 100 99 56 37 23 7
0 18 12 0 0 0 2 85 100 100 100 100 100 41 14 9 1 54 42 13 12 21 53 100 100 100 100 100 100 100 100 100 100 94 9 0 0 0 0 0 0 0 0 0 0 0 0 0 0 0 0 91 15 0 0 0 0 0 0 0 0 0 0 0 0 0 0 38 97 92 40 7 8 17 2 0 0 0 0 0 4 37 83 59 0 0 0 11 100 100 96 14 0 0 0 0
0 0 22 0 0 36 85 100 98 100 100 100 65 26 23 0 0 0 0 0 0 0 9 98 100 100 100 100 100 100 100 100 100 100 44 0 0 0 0 0 0 0 0 0 0 0 0 0 0 0 0 75 26 0 0 0 0 0 0 0 0 0 0 0 0 0 7 62 24 34 91 51 45 45 77 53 6 0 1 35 89 81 14 0 0 0 0 20 100 74 42 41 0 0 0 0
27 33 64 71 62 59 35 8 47 100 100 70 14 0 5 0 0 0 0 0 0 0 9 100 100 100 100 100 100 100 25 63 100 100 95 21 0 0 0 0 0 0 0 0 0 0 0 0 0 0 0 65 35 0 0 0 0 0 0 0 0 0 0 0 0 14 63 8 0 0 34 41 0 0 0 19 69 79 92 96 98 67 4 10 0 4 6 91 100 54 0 59 36 0 0 0
64 40 21 2 9 6 0 0 53 100 51 1 6 0 0 0 0 0 0 0 0 0 1 53 94 100 100 100 100 100 29 3 91 100 100 58 0 0 0 0 0 0 0 0 0 0 0 0 0 0 0 47 47 0 0 0 0 0 0 0 0 0 0 0 36 57 3 0 0 0 22 41 0 0 1 38 54 79 44 4 19 70 63 48 27 32 24 79 95 13 0 12 71 4 0 0
39 0 0 10 3 0 0 0 40 67 0 0 0 0 0 0 0 0 0 0 0 0 0 16 49 96 100 100 100 100 92 41 85 100 100 99 8 0 0 0 0 0 0 0 0 0 0 0 0 0 0 39 60 0 0 0 0 0 0 0 0 0 3 62 47 1 0 0 0 0 48 57 3 45 69 89 33 1 0 0 0 2 0 12 11 14 0 81 51 0 0 0 30 41 0 0
73 6 0 0 0 0 0 0 62 5 0 0 0 0 0 0 0 0 0 0 0 0 0 0 0 12 70 100 100 100 100 100 100 100 100 100 60 0 0 0 0 0 0 0 0 0 0 0 0 0 0 35 71 0 0 0 0 0 0 0 0 0 57 47 0 0 0 0 0 0 64 86 65 98 71 17 0 0 0 0 0 0 0 9 0 3 30 91 15 0 0 0 0 36 0 0
19 5 0 0 0 0 0 9 57 0 0 0 0 0 0 0 0 0 0 0 0 0 0 0 0 0 0 40 97 100 100 100 100 100 100 100 77 0 0 0 0 0 0 0 0 0 0 0 0 0 0 22 86 0 0 0 0 0 0 0 0 35 49 0 0 0 0 0 0 1 73 100 87 21 0 0 0 0 0 0 0 0 0 10 0 4 42 81 1 0 0 0 0 28 9 63
0 2 0 0 0 0 0 54 24 0 0 0 0 0 0 0 0 0 0 0 0 0 0 0 0 0 0 0 16 87 100 100 100 100 100 100 86 24 1 0 0 0 0 0 0 0 0 0 0 0 0 12 96 0 0 0 0 0 0 0 24 64 0 0 0 0 0 0 26 77 62 82 39 0 0 0 0 0 0 0 0 0 1 2 10 90 96 13 16 0 0 0 0 10 99 100
0 0 0 0 0 0 1 68 1 0 0 0 0 0 0 0 0 0 0 0 0 0 0 0 0 0 0 0 0 20 100 100 100 100 100 100 100 20 0 0 0 0 0 0 0 0 0 0 0 0 0 4 100 6 0 0 0 0 0 24 65 3 0 0 0 0 22 62 74 17 0 37 14 0 0 0 0 0 0 0 0 0 0 14 91 51 15 0 0 0 0 0 0 68 100 100
0 0 0 0 0 13 66 69 0 0 0 0 0 0 0 0 0 0 0 0 0 0 0 0 0 0 0 0 0 2 93 100 100 100 100 100 100 43 0 0 0 0 0 0 0 0 0 0 0 0 0 0 99 14 0 0 0 0 19 69 2 0 0 0 5 53 79 26 0 0 0 23 40 0 0 0 0 0 0 0 0 0 7 90 27 0 0 0 0 0 0 0 4 94 100 100
0 0 0 0 0 5 89 80 0 0 0 0 0 0 0 0 0 0 0 0 0 0 0 0 0 0 0 0 0 0 24 98 100 100 100 100 100 66 0 0 0 0 0 0 0 0 0 0 0 0 0 0 88 15 0 0 0 0 45 5 0 0 4 49 73 36 7 0 0 0 0 1 60 0 0 0 0 0 0 0 0 0 49 68 0 0 0 0 0 0 0 27 64 100 100 100
0 0 0 0 0 12 72 18 0 0 0 0 0 0 0 0 0 0 0 0 0 0 0 0 0 0 0 0 0 0 0 52 100 100 100 100 100 94 5 0 0 0 0 0 0 0 0 0 0 0 0 0 73 37 0 2 34 44 8 0 0 33 83 47 3 0 0 0 0 0 0 0 63 17 0 0 0 0 0 0 0 33 90 14 0 0 0 0 0 0 0 65 100 100 100 100
0 0 0 0 7 59 13 0 0 0 0 0 0 0 0 0 0 0 0 0 0 0 0 0 0 0 0 0 0 0 0 7 99 100 100 100 100 100 68 3 0 0 0 0 0 0 11 30 34 21 5 3 71 75 43 84 27 0 0 31 74 68 13 0 0 0 0 0 0 0 0 0 19 69 4 0 0 0 0 0 0 71 36 0 0 0 0 0 0 14 59 100 100 100 100 97
0 0 0 0 76 89 1 0 0 0 0 0 0 0 0 0 0 0 0 0 0 0 0 0 0 0 0 0 0 0 0 0 51 93 99 100 100 100 100 82 13 0 22 45 71 92 100 100 100 100 90 70 91 100 70 18 1 25 72 81 15 0 0 0 0 0 0 0 0 0 0 0 0 46 78 0 0 0 0 0 38 54 8 0 0 0 0 26 71 98 100 100 100 100 81 6
0 0 0 1 92 59 0 0 0 0 0 0 0 0 0 0 0 0 0 0 0 0 0 0 0 0 0 0 0 3 0 7 14 1 15 65 100 100 100 100 94 72 100 100 100 100 100 100 100 100 100 100 100 100 68 43 83 87 28 0 0 0 0 0 0 0 0 0 0 0 0 0 0 0 56 25 0 0 0 21 41 0 0 0 0 0 13 95 100 100 100 100 100 100 35 0
0 0 0 0 84 25 0 0 0 0 0 0 0 0 0 0 0 0 0 0 0 0 0 0 0 0 9 1 8 35 46 86 54 0 0 11 52 99 100 100 100 100 100 100 100 100 100 100 100 100 100 100 100 100 100 100 55 3 0 0 0 0 0 0 0 0 0 0 0 0 0 0 0 0 43 63 0 0 23 59 1 0 0 0 0 12 83 100 100 100 100 100 96 22 0 0
0 0 3 52 50 0 0 0 0 0 0 0 0 0 0 0 0 0 0 0 0 0 0 0 0 1 11 26 46 73 30 1 0 0 0 5 1 69 100 100 100 100 100 100 100 99 99 100 100 100 100 100 100 100 100 98 34 0 0 0 0 0 0 0 0 0 0 0 0 0 0 0 0 0 19 85 5 31 71 2 0 0 0 0 25 93 100 100 100 100 100 95 31 0 0 46
