lus_demo/data/Current_situation/Thematic_maps/Noise/perc_opp_gt_50dba.asc
ncols         540
nrows         650
xllcorner     10000
yllcorner     300000
cellsize      500
NODATA_value  -9999
[rows 390 to 454 of 650, columns 288 to 383 of 540]
0 0 0 0 4 42 0 0 9 94 30 0 0 0 0 0 0 0 0 0 0 0 0 0 0 0 0 0 20 43 0 0 0 0 0 0 0 0 16 29 0 1 93 100 100 100 100 100 100 100 100 100 100 100 100 100 100 100 100 93 47 93 95 48 73 96 100 100 100 100 47 0 0 0 0 0 0 0 0 0 0 0 0 0 0 0 0 16 71 8 2 0 0 0 0 0
0 0 0 0 45 13 0 0 29 100 14 0 0 0 0 0 0 0 0 0 0 0 0 0 0 0 0 0 52 5 0 0 0 0 0 0 0 0 1 42 23 7 100 100 100 100 100 100 100 100 100 100 100 100 100 100 100 100 100 27 0 34 79 100 100 98 100 100 100 100 57 0 0 0 0 0 0 0 0 0 0 0 0 0 0 0 1 74 8 0 0 0 0 0 0 0
48 38 1 21 58 0 0 0 50 87 1 0 0 0 0 0 0 0 0 0 0 0 0 0 0 0 0 0 36 18 0 0 0 0 0 0 0 0 0 0 43 45 100 100 100 100 100 100 100 100 100 100 100 100 100 100 100 100 100 80 22 0 68 83 91 97 100 100 100 100 87 10 0 0 0 0 0 0 0 0 0 0 0 0 0 0 46 30 0 0 0 0 0 0 0 0
6 7 38 25 1 0 0 7 73 60 8 0 0 0 0 0 0 0 0 0 0 0 0 0 0 0 0 0 12 38 0 0 0 0 0 0 0 0 0 0 7 87 97 100 100 100 100 100 100 100 100 100 100 100 100 100 100 100 100 100 100 74 77 56 59 85 100 98 91 65 86 94 54 18 0 0 21 18 18 27 35 17 0 16 6 2 61 0 0 0 0 0 0 0 0 0
0 0 0 0 0 0 0 51 26 1 36 14 0 0 0 0 5 5 0 0 0 0 0 19 20 16 18 25 21 34 0 0 0 0 0 0 0 0 0 0 0 70 100 100 100 100 96 74 79 100 100 100 100 100 100 100 100 100 100 100 100 87 36 36 56 99 91 66 65 44 65 19 61 94 84 63 100 73 60 44 39 89 68 84 50 38 8 0 0 0 0 0 0 0 0 0
0 0 0 0 0 12 64 44 1 0 0 33 6 0 0 24 28 26 29 22 25 17 30 9 0 0 0 44 46 6 4 0 0 0 0 0 0 0 0 0 19 93 100 100 100 66 2 0 9 99 100 100 100 100 100 100 100 100 100 100 100 100 61 79 100 83 91 76 73 49 65 72 40 29 44 79 93 32 0 0 0 9 36 8 0 0 0 0 0 0 0 0 0 0 0 0
0 0 0 10 52 81 24 0 0 0 0 1 40 0 35 11 0 0 0 0 0 14 14 0 0 0 25 26 26 26 27 31 16 2 0 0 0 0 0 0 71 100 100 100 100 32 0 4 67 100 100 100 100 100 100 100 100 100 100 100 100 100 100 70 33 39 69 57 100 88 27 70 81 43 4 53 39 64 25 0 0 0 0 0 0 0 0 0 0 0 0 0 0 0 0 0
0 0 7 87 27 0 0 0 0 0 0 0 11 28 28 0 0 0 0 0 4 0 15 2 0 0 21 9 0 0 0 0 15 29 31 25 26 23 1 51 99 100 100 100 100 52 24 85 100 100 100 100 100 100 100 100 100 100 100 100 95 68 91 17 41 44 79 35 71 99 38 20 0 1 46 24 7 6 63 39 0 0 0 0 0 0 0 0 0 0 0 0 0 0 0 0
0 5 70 42 0 0 0 0 0 0 0 0 0 8 9 0 0 0 0 0 3 8 10 11 0 0 28 2 0 0 0 0 0 0 0 0 0 12 73 98 100 100 100 100 100 100 100 100 100 100 100 100 100 100 100 100 100 100 100 100 83 49 63 39 65 68 76 53 53 92 62 1 0 0 0 58 33 3 0 41 44 0 0 0 0 0 0 0 0 0 0 0 0 0 0 0
0 62 23 0 0 0 0 0 0 0 0 0 0 0 0 0 0 0 0 0 0 0 0 0 0 0 28 0 0 0 0 0 0 0 0 0 0 21 92 100 100 100 100 100 100 100 100 100 100 100 100 100 100 100 100 100 100 100 100 93 58 16 47 17 53 60 97 100 94 92 96 61 48 52 49 66 58 40 40 5 10 0 0 0 0 0 0 0 0 0 0 0 0 0 0 0
28 69 0 0 0 0 4 0 0 0 0 0 0 0 0 0 0 0 16 58 54 25 0 0 0 0 39 0 0 0 0 0 0 0 0 0 0 77 100 100 100 100 100 100 100 100 100 100 100 99 90 49 80 100 100 100 100 100 100 100 52 12 70 51 49 73 86 81 75 84 79 47 2 0 1 15 43 0 3 46 50 8 0 0 0 0 0 0 0 0 0 0 0 0 0 0
85 11 0 0 0 22 64 36 25 51 66 70 67 9 0 0 1 36 51 3 4 16 0 0 0 14 47 0 0 23 4 0 0 0 0 0 39 100 100 100 100 100 100 100 100 100 100 100 96 51 33 29 55 100 100 100 100 100 100 100 100 92 82 50 8 90 67 2 0 51 0 27 33 0 0 1 44 0 0 0 3 44 0 0 0 0 0 0 0 0 0 0 0 0 0 0
18 0 0 23 52 43 0 0 17 13 0 0 28 65 2 27 62 23 0 0 0 0 0 0 0 19 25 0 19 37 1 0 0 0 4 64 99 100 100 100 100 100 100 100 100 100 98 72 38 34 23 4 82 95 100 100 100 100 100 100 100 73 40 13 0 91 72 0 0 37 31 2 69 21 0 0 37 0 0 0 0 0 0 0 0 0 0 0 0 0 0 0 0 0 0 0
0 3 50 71 3 0 0 0 0 0 0 0 2 71 95 78 2 0 0 0 0 0 0 0 0 23 4 0 0 0 0 0 0 7 71 100 100 100 100 100 100 100 100 100 100 100 95 77 58 29 9 28 98 20 9 59 89 100 100 100 100 100 80 48 64 100 65 0 0 6 71 5 0 70 18 0 37 12 0 15 0 0 0 0 0 0 0 0 0 0 0 0 0 0 0 0
27 62 16 1 0 0 0 0 0 0 0 0 0 0 21 61 34 0 0 0 0 0 0 0 0 28 0 0 0 0 0 0 4 71 100 100 100 100 100 100 100 100 100 100 96 74 86 100 53 0 3 79 94 5 0 1 14 53 100 100 100 100 100 100 100 100 86 3 0 0 34 24 0 21 87 18 20 49 17 40 0 0 0 0 0 0 0 0 0 0 0 0 0 0 0 0
38 2 0 0 0 0 0 0 0 0 0 0 0 0 0 0 61 14 0 0 0 0 30 0 5 16 0 0 0 0 0 17 81 100 100 100 100 100 100 100 100 100 96 42 8 0 3 63 100 50 69 100 38 0 0 0 0 0 40 100 100 100 100 100 100 100 98 9 0 0 38 21 0 0 45 89 95 93 51 0 0 0 0 0 0 0 0 0 0 0 0 0 0 0 0 0
0 0 0 0 0 0 0 0 0 0 0 0 0 0 0 0 8 66 4 0 14 8 27 0 16 4 0 0 0 20 62 98 100 100 100 100 100 100 100 100 100 100 45 0 0 0 0 0 52 100 100 86 1 0 0 0 0 0 0 76 100 100 100 100 100 100 100 67 8 0 41 26 0 0 0 6 56 79 11 5 0 0 0 0 0 0 0 0 0 0 0 0 0 0 0 0
0 0 0 0 0 0 0 0 0 0 0 0 0 0 0 0 0 15 45 17 16 32 31 25 37 11 17 8 51 99 100 100 100 100 100 100 100 100 100 100 100 88 0 0 0 0 0 0 2 86 100 66 0 0 0 0 0 0 0 4 84 100 100 100 100 100 100 91 9 0 54 1 0 0 0 0 13 64 9 0 4 0 0 0 0 0 0 0 0 0 0 0 0 0 0 0
0 0 0 0 0 0 0 0 0 0 0 0 0 0 0 0 0 40 55 28 51 24 39 73 68 60 82 100 100 100 100 100 100 100 100 100 100 100 100 100 100 37 0 0 0 0 0 0 0 51 100 90 32 6 0 0 0 0 0 0 42 100 100 100 100 100 100 100 44 9 61 0 0 0 0 3 47 69 26 17 17 7 0 0 0 0 0 0 0 0 0 0 0 0 0 0
0 0 0 0 0 0 0 0 0 0 0 0 0 0 0 0 14 31 65 88 49 73 89 100 100 100 100 100 100 100 100 100 100 100 100 100 100 100 100 98 100 31 0 0 0 0 0 0 0 78 100 67 48 76 50 19 0 0 0 0 0 83 100 100 100 100 100 100 88 40 35 0 0 0 11 28 6 38 23 7 0 0 0 0 0 0 0 0 0 0 0 0 0 0 0 0
0 0 0 0 0 0 0 0 0 0 0 0 0 0 0 2 48 29 53 71 50 80 100 100 100 100 100 100 100 100 95 99 100 100 100 100 100 100 85 22 86 39 0 0 0 0 0 2 20 100 100 29 0 0 18 57 61 5 0 0 17 98 100 100 100 100 100 100 99 78 7 0 0 18 20 0 0 24 38 5 0 0 0 0 0 0 0 0 0 0 0 0 0 0 0 0
0 0 0 0 0 0 0 0 0 0 0 0 0 0 0 11 90 71 68 95 100 84 44 90 100 98 99 74 12 24 22 10 64 100 100 100 100 100 20 0 61 53 9 0 0 0 0 4 17 99 100 43 0 0 0 0 6 47 33 56 95 100 100 100 100 100 100 100 100 100 5 0 24 15 0 0 0 0 48 0 0 0 0 0 0 0 0 0 0 0 0 0 0 0 0 0
0 0 0 0 0 0 0 0 0 0 0 0 0 13 69 98 100 100 100 89 100 100 92 98 100 100 74 20 0 0 0 27 95 100 100 100 100 84 3 0 71 38 46 0 0 0 0 0 4 86 100 99 52 3 0 0 0 1 25 9 18 97 100 100 100 100 100 100 100 100 9 2 3 0 0 0 0 7 48 0 0 0 0 0 0 0 0 0 0 0 0 0 0 0 0 0
0 0 0 0 0 0 0 0 0 0 0 4 43 95 100 100 100 100 95 93 100 100 100 99 39 100 58 1 0 23 75 100 100 100 100 100 100 31 0 0 90 24 46 0 0 0 0 0 6 92 53 45 85 71 9 0 0 0 0 0 1 95 100 100 100 100 100 100 100 100 66 7 0 0 0 0 0 7 57 47 2 0 0 0 0 0 0 0 0 0 0 0 0 0 0 0
0 0 0 0 0 0 0 0 0 2 35 90 100 100 100 100 100 99 100 100 100 100 100 96 53 86 88 35 42 99 100 100 100 100 100 100 80 0 0 1 96 14 49 0 0 0 10 49 93 77 1 8 2 50 73 24 0 0 0 0 0 62 100 100 100 100 100 100 100 43 43 82 30 0 0 0 0 0 0 22 32 0 0 0 0 0 0 0 0 0 0 0 0 0 0 0
0 0 0 0 0 0 0 0 35 84 100 100 100 100 100 100 100 100 100 100 100 100 100 100 100 100 100 98 100 100 100 100 100 100 100 100 53 0 0 11 100 37 51 35 58 82 91 67 38 6 2 11 0 0 17 61 76 22 0 0 0 46 100 100 100 100 100 100 100 50 0 3 51 61 49 7 0 0 0 13 35 0 0 0 0 0 0 0 0 0 0 0 0 0 0 0
0 0 0 0 0 0 46 89 100 100 100 100 100 100 100 100 100 100 100 100 100 100 100 100 100 100 100 100 100 100 100 100 100 100 100 98 95 60 87 59 100 97 98 98 65 30 4 0 0 0 1 7 0 0 0 0 6 74 39 2 0 8 95 100 100 100 100 100 100 95 27 0 0 5 63 81 48 13 0 0 48 0 0 0 0 0 0 0 0 0 0 0 0 0 0 0
0 0 0 1 32 62 99 100 100 100 100 100 100 100 100 100 100 100 100 100 100 100 100 100 100 100 100 100 100 100 100 100 100 100 97 85 49 28 25 27 52 55 40 12 0 0 0 0 0 0 0 0 0 0 0 0 0 8 60 75 24 0 47 100 100 100 100 100 100 100 92 3 0 0 1 13 15 83 21 4 53 0 0 0 0 0 0 0 0 0 0 0 0 0 0 0
0 0 26 83 100 100 100 100 100 100 100 100 100 100 100 100 100 100 100 100 100 100 100 100 100 100 100 100 100 68 34 43 72 59 12 3 0 0 0 0 51 35 21 0 0 0 0 0 0 0 0 0 0 0 0 0 0 0 0 13 73 66 71 100 100 100 100 100 100 100 100 34 0 0 16 5 4 28 83 11 34 0 0 0 0 0 0 0 0 0 0 0 0 0 0 0
78 90 100 100 100 100 100 100 100 100 100 100 100 100 100 100 100 100 100 100 97 100 100 100 100 100 100 100 71 8 0 0 0 0 0 0 0 0 0 0 78 28 18 0 0 0 0 0 0 0 0 0 0 0 0 0 0 0 0 0 2 39 76 99 100 100 100 100 100 100 100 84 6 0 8 18 12 0 48 68 38 0 0 0 0 0 0 0 0 0 0 0 0 0 0 0
100 100 100 100 88 66 100 100 100 100 100 100 100 100 100 97 71 40 22 26 8 38 64 100 100 96 100 100 17 0 0 0 0 0 0 0 0 0 0 0 69 49 13 2 0 0 0 0 0 0 0 0 0 0 0 0 0 0 0 0 0 0 0 45 100 100 100 100 100 100 100 100 53 0 0 0 0 0 0 43 80 1 0 0 0 0 0 0 0 0 0 0 0 0 0 0
100 100 100 100 86 77 100 100 100 100 100 100 100 75 40 3 13 0 0 0 0 0 1 38 99 100 100 100 25 0 0 0 0 0 0 0 0 0 0 0 59 51 12 30 0 0 0 0 0 0 0 0 0 0 0 0 0 0 0 0 0 0 0 1 65 100 100 100 100 100 100 100 82 2 0 0 0 0 0 1 68 74 10 0 0 0 0 0 0 0 10 47 61 0 0 0
100 100 100 100 100 100 100 100 100 100 99 72 26 0 0 0 0 0 0 0 0 0 0 0 51 100 100 100 55 0 0 0 0 0 0 0 0 0 0 0 34 81 26 7 0 0 0 0 0 0 0 0 0 0 0 0 0 0 0 0 0 0 0 0 7 85 100 100 100 100 100 100 100 72 4 0 0 0 0 0 2 77 71 2 0 0 0 4 31 30 44 3 0 0 0 0
100 100 100 93 100 100 100 100 100 85 20 0 0 0 0 0 0 0 0 0 0 0 0 0 0 57 100 100 92 6 0 0 0 0 0 0 0 0 0 0 0 6 78 12 0 0 0 0 0 0 0 0 0 0 0 0 0 0 0 0 0 0 0 0 0 33 100 100 100 100 100 100 100 100 85 28 0 0 0 0 0 49 100 54 5 20 58 53 14 0 0 0 0 0 0 0
100 99 19 6 50 20 43 64 22 3 0 0 0 0 0 0 0 0 0 0 0 0 0 0 0 1 94 100 100 46 0 0 0 0 0 0 0 0 0 0 0 15 31 75 18 0 0 0 0 0 0 0 0 0 0 0 0 0 24 60 36 0 0 0 0 2 57 100 100 100 100 100 100 100 84 87 66 2 0 0 0 62 100 31 47 37 8 0 0 0 0 0 0 0 0 0
93 55 1 0 0 0 0 0 0 0 0 0 0 0 0 0 0 0 0 0 0 0 0 0 0 0 70 100 100 64 0 0 0 0 0 0 0 0 0 0 0 34 8 2 76 18 0 0 0 0 1 0 0 0 1 44 60 60 76 100 84 36 0 0 0 0 8 95 100 100 100 100 100 100 86 48 95 78 23 4 19 90 100 37 29 15 1 0 0 0 0 0 0 0 0 0
72 6 11 0 0 0 0 0 0 0 0 0 0 0 0 0 0 0 0 0 0 0 0 0 0 0 24 100 100 99 12 0 0 0 0 0 0 0 0 0 4 45 2 0 17 81 9 0 0 0 18 0 0 24 60 79 100 100 100 100 76 24 0 0 0 0 0 82 100 100 100 100 100 100 100 100 91 91 100 100 100 100 89 71 35 14 0 0 0 0 0 0 0 0 0 0
100 60 11 0 0 0 0 0 0 0 0 0 0 0 0 0 0 0 0 0 0 0 0 0 0 0 1 84 100 99 17 0 0 0 0 0 0 0 0 0 16 3 0 0 0 23 75 12 0 0 0 25 60 82 100 100 100 100 100 76 24 0 0 0 0 0 3 86 100 100 100 100 100 100 98 18 2 24 100 28 11 54 96 74 44 20 0 0 0 0 0 0 0 0 0 0
100 99 62 4 0 0 0 0 0 0 0 0 0 0 0 0 0 0 0 0 0 0 0 0 0 0 0 16 52 83 79 22 0 0 0 0 0 0 0 0 0 0 0 0 0 0 30 92 38 24 60 76 100 100 100 100 100 100 100 72 18 2 19 43 48 57 86 100 92 100 100 100 100 100 99 12 0 24 90 1 0 0 35 91 34 11 11 3 0 0 0 0 0 0 0 0
100 69 66 79 27 0 0 0 0 0 0 0 0 0 0 0 0 0 0 0 0 0 0 0 0 0 0 0 0 83 100 95 83 5 0 0 0 0 0 0 0 0 0 0 0 0 4 73 100 85 100 100 100 100 100 100 100 100 98 89 39 82 58 38 25 15 8 2 3 75 100 100 100 100 100 62 0 12 98 10 0 0 0 40 58 2 0 8 54 57 48 17 0 0 0 0
100 100 77 99 90 6 0 0 0 0 0 0 0 0 0 0 0 0 0 0 0 0 0 0 0 0 0 0 0 72 100 100 100 36 0 0 5 27 0 0 0 0 0 0 0 0 24 76 100 100 100 100 100 100 100 100 100 100 100 100 87 27 0 0 0 0 0 0 0 20 100 100 100 100 100 100 51 3 61 39 0 0 0 42 73 65 51 85 100 100 100 94 0 0 0 0
82 96 100 61 83 33 0 0 0 0 0 0 0 0 0 0 0 0 0 0 0 0 0 0 0 0 0 0 0 31 100 100 100 58 17 24 23 37 0 0 0 0 0 0 0 24 76 100 100 100 100 100 100 100 100 91 58 38 37 94 28 0 0 0 0 0 0 0 0 0 79 100 100 100 100 100 100 89 98 81 33 37 61 93 100 100 100 100 82 56 46 19 0 0 0 0
0 18 91 100 81 85 10 0 0 0 0 0 0 0 0 0 0 0 0 0 0 0 0 0 0 0 0 0 0 29 100 100 97 81 64 29 20 76 0 0 0 0 0 0 24 76 100 100 100 100 100 100 100 100 89 25 0 0 0 16 78 2 0 0 0 0 0 0 0 0 25 99 100 100 100 100 100 100 100 100 100 100 100 100 100 100 92 33 0 0 0 0 0 0 0 0
0 0 22 96 99 83 84 60 37 0 0 0 0 0 0 0 0 0 0 0 0 0 0 0 0 0 0 0 0 16 100 100 100 46 32 41 40 95 0 0 0 24 60 60 76 100 100 100 100 100 100 100 100 76 24 0 0 0 0 0 27 56 0 0 0 0 0 0 0 0 0 58 100 100 100 100 100 100 100 100 100 100 100 100 98 89 12 0 0 0 0 0 0 0 0 0
0 0 0 27 99 100 98 62 5 0 0 0 0 0 0 0 0 0 0 0 0 0 0 0 0 0 0 0 0 3 100 100 99 71 47 56 53 71 0 24 60 76 100 100 100 100 100 100 100 100 100 100 76 24 0 0 0 0 0 0 5 62 43 32 3 0 0 0 0 0 0 0 49 100 100 100 100 100 100 99 62 41 41 37 61 95 14 0 0 0 0 0 0 0 0 0
0 0 0 0 31 82 100 100 61 27 0 0 0 0 0 0 0 0 0 0 0 0 0 0 0 0 0 0 0 32 100 100 100 96 97 75 62 79 60 77 100 100 100 100 100 100 100 100 100 100 100 76 24 0 0 0 0 0 0 0 0 1 33 43 65 51 5 0 0 0 0 0 1 82 100 100 97 100 100 98 31 0 0 0 8 99 37 0 0 0 0 0 0 0 0 0
0 0 0 0 0 2 41 69 99 97 55 91 69 26 21 3 0 0 0 0 0 0 0 0 0 0 0 0 27 95 100 100 100 100 100 100 100 99 100 100 100 100 100 100 100 100 100 100 76 40 53 65 0 0 0 0 0 0 0 0 0 0 0 0 0 18 63 41 1 0 0 0 0 4 98 100 68 96 100 100 95 17 0 0 0 39 94 13 0 0 0 0 0 0 0 0
15 0 0 0 0 0 0 0 18 39 43 82 100 94 41 22 16 26 5 0 0 0 0 0 0 0 0 4 93 100 100 100 100 100 100 100 100 100 100 100 100 100 100 100 100 100 89 49 24 0 5 89 0 0 0 0 0 0 0 0 0 0 0 0 0 0 0 27 49 0 0 0 0 0 63 100 100 100 100 93 89 67 0 0 0 2 90 61 1 0 0 0 0 0 0 0
94 63 29 3 0 0 0 0 0 0 0 12 61 90 100 49 4 56 77 65 1 0 0 0 0 0 0 48 100 100 100 100 83 73 80 100 100 100 100 100 100 100 100 100 100 76 24 0 0 0 0 71 0 0 0 0 0 0 0 0 0 0 0 0 0 0 0 0 58 10 0 0 0 0 51 100 100 100 79 85 14 68 5 0 0 0 45 93 4 0 0 0 0 0 0 0
34 66 98 94 68 48 33 12 0 0 0 0 0 40 98 100 41 5 0 39 69 6 0 0 0 0 2 83 100 100 100 100 87 87 100 100 100 100 100 100 100 100 100 100 76 24 0 0 0 0 0 61 15 0 0 0 0 0 0 0 0 0 0 0 0 0 0 0 9 61 1 0 0 5 85 100 100 79 1 52 43 23 45 0 0 0 4 81 52 6 0 0 0 0 0 0
0 0 9 45 74 100 100 74 15 0 0 0 0 0 17 67 98 88 14 0 28 74 46 0 1 2 83 100 100 100 100 100 100 100 100 100 100 100 100 100 100 100 76 40 24 0 0 0 0 0 0 38 50 0 0 0 0 0 0 0 0 0 0 0 0 0 0 0 0 38 34 8 34 85 100 100 100 57 1 3 79 20 60 5 0 0 0 4 53 82 7 0 0 0 0 0
0 0 0 0 0 51 100 100 93 16 0 0 0 0 0 1 67 100 92 17 0 1 61 2 22 65 99 100 100 100 100 100 100 100 100 100 100 100 100 100 100 81 24 0 0 0 0 0 0 0 0 20 69 0 0 0 0 0 0 0 0 0 0 0 0 0 0 0 0 5 77 100 100 79 47 89 100 100 58 0 20 81 6 0 0 0 0 0 0 33 87 14 0 0 0 1
0 0 0 2 8 19 56 100 100 65 35 7 0 0 0 0 1 58 100 92 19 0 20 44 61 70 100 100 100 100 100 100 100 100 100 100 100 100 100 100 100 69 0 0 0 0 0 0 0 0 0 3 73 0 0 0 0 0 0 0 0 0 0 0 0 0 0 0 0 31 81 54 32 1 0 17 97 100 100 27 0 52 65 0 0 0 0 0 0 0 43 49 0 0 0 49
0 0 0 0 0 1 10 49 100 81 94 99 82 19 0 0 0 3 74 100 98 76 92 96 100 100 100 100 100 100 100 100 100 100 100 100 76 40 40 40 92 88 1 0 0 0 0 0 0 0 0 0 76 0 0 0 0 0 0 0 0 0 0 0 0 0 0 0 15 77 14 0 0 0 0 0 55 100 100 86 11 6 88 28 0 0 0 0 0 0 7 71 0 0 25 44
0 0 0 0 0 0 0 43 76 74 100 91 83 93 61 25 0 0 2 80 100 100 100 100 100 100 100 100 100 100 100 100 100 100 76 40 24 0 0 0 44 75 1 0 0 0 0 0 0 0 0 0 66 10 0 0 0 0 0 0 0 0 0 0 0 0 0 21 75 9 0 0 0 1 2 0 7 90 100 100 90 46 40 93 12 59 11 0 0 0 0 65 22 4 60 1
0 0 0 7 2 0 33 60 6 37 97 41 13 23 71 98 71 38 18 72 100 100 100 100 100 100 100 100 100 100 100 100 76 40 24 0 0 0 0 0 1 61 0 0 0 0 0 0 0 0 0 0 49 30 0 0 0 0 0 0 0 0 0 0 0 4 54 59 6 0 0 0 0 0 8 0 12 23 84 100 100 100 91 96 81 13 58 16 0 0 0 7 79 58 9 0
25 44 65 51 61 70 52 5 5 11 92 23 0 0 0 33 53 79 96 100 100 100 100 100 100 100 100 100 100 100 100 100 51 0 0 0 0 0 0 0 0 42 1 0 0 0 0 0 0 0 0 0 39 49 0 0 0 0 0 0 0 0 0 5 47 56 25 0 0 0 0 0 0 0 7 18 0 0 11 80 100 100 100 99 99 54 3 71 7 0 0 0 8 85 3 0
45 10 0 0 0 0 0 0 0 0 57 36 0 0 0 0 0 45 100 100 100 100 100 100 100 100 98 41 40 40 47 57 89 21 0 0 0 0 0 0 0 16 30 0 0 0 0 0 0 0 0 0 14 72 0 0 0 0 0 0 0 0 6 53 12 0 0 0 0 0 0 0 0 7 3 8 1 0 0 5 65 99 100 100 98 94 10 5 18 0 0 0 0 43 46 0
0 0 0 0 0 0 0 0 0 0 23 70 0 0 0 0 8 91 100 100 100 98 77 94 100 100 99 10 0 0 0 0 38 79 48 0 0 0 0 0 0 5 58 0 0 0 0 0 0 0 0 0 0 82 0 0 0 0 0 0 0 33 52 3 0 0 0 0 0 0 0 0 4 1 0 0 4 0 0 0 0 20 100 100 100 63 60 0 20 19 0 0 0 1 69 36
2 0 0 0 0 0 0 0 0 0 2 92 4 0 0 0 21 100 100 100 88 14 0 7 38 73 100 71 1 0 0 0 0 0 49 31 0 0 0 0 0 4 83 1 0 0 0 0 0 0 0 0 0 67 18 0 0 0 0 1 37 23 0 0 0 0 0 0 0 0 0 0 0 0 0 0 0 0 0 0 0 1 92 100 100 65 74 2 5 66 0 0 0 0 6 88
2 0 0 0 0 0 0 0 0 0 0 76 39 0 3 36 99 100 100 89 28 0 0 0 0 0 34 94 64 0 0 0 0 0 0 38 49 3 0 0 0 0 62 46 0 0 0 0 0 0 0 0 0 29 63 0 0 0 9 47 10 0 0 0 0 0 0 0 0 0 0 0 0 0 0 0 0 0 0 0 0 0 56 100 100 62 77 23 0 48 19 0 0 0 0 32
33 0 0 0 0 0 0 0 0 0 0 53 91 35 83 99 100 100 98 8 0 0 0 0 0 0 0 14 78 51 0 0 0 0 0 0 11 59 7 0 0 0 1 62 32 0 0 0 0 0 0 0 0 21 93 44 63 56 52 2 0 0 0 0 0 0 0 0 0 0 0 0 0 0 0 0 0 0 0 0 0 0 15 99 100 98 82 48 0 10 62 0 0 0 0 0
36 0 0 0 0 0 0 0 0 0 1 76 100 100 100 100 100 100 39 0 0 0 0 0 0 0 0 0 8 89 35 0 0 0 0 0 0 4 59 4 0 0 0 34 39 0 0 0 0 1 32 52 61 83 77 73 6 0 0 0 0 0 0 0 0 0 0 0 0 0 0 0 0 0 0 0 0 0 0 0 0 0 0 28 66 100 73 63 0 0 57 14 0 0 0 0
1 0 0 0 0 0 0 0 3 8 41 94 100 100 100 100 98 45 0 0 0 0 0 0 0 0 0 0 0 23 92 10 0 0 0 0 0 0 14 62 18 0 0 52 40 2 2 24 65 72 47 15 0 0 13 86 1 0 0 0 0 0 0 0 0 0 0 0 0 0 0 0 0 0 0 0 0 0 0 0 0 0 0 0 4 85 100 93 2 0 3 43 2 0 0 0
38 0 0 0 0 0 0 0 0 6 47 57 100 100 100 96 27 0 0 0 0 0 0 0 0 0 0 0 0 0 47 73 1 0 0 0 0 0 0 2 67 54 9 77 29 45 95 60 42 8 0 0 0 0 10 99 23 0 0 0 0 0 0 0 0 0 0 0 0 0 0 0 0 0 0 0 0 0 0 0 0 0 0 0 0 79 100 100 32 0 0 30 32 0 0 0
