lus_demo/data/Current_situation/Thematic_maps/Noise/perc_opp_gt_50dba.asc
ncols         540
nrows         650
xllcorner     10000
yllcorner     300000
cellsize      500
NODATA_value  -9999
[rows 260 to 324 of 650, columns 288 to 383 of 540]
0 0 0 55 100 87 63 100 100 100 100 25 0 0 0 0 80 72 68 97 100 79 94 100 100 65 0 32 1 0 0 0 0 0 0 0 0 39 77 9 0 0 0 0 28 14 0 0 0 0 0 0 0 12 44 18 0 0 0 0 8 96 100 93 58 57 98 100 100 71 7 0 0 0 2 17 13 8 22 69 94 50 2 5 12 0 8 93 80 0 0 1 7 5 37 60
0 0 29 99 100 100 100 100 100 100 42 0 0 0 0 0 80 72 16 56 40 23 85 68 87 94 82 6 0 0 0 0 0 0 0 0 45 75 5 0 0 0 0 0 0 45 0 0 0 0 0 1 42 42 1 0 0 0 0 0 0 49 88 9 0 0 67 100 71 1 0 0 0 0 54 100 79 52 99 62 6 0 0 0 0 0 0 97 65 0 0 0 0 2 68 47
0 22 89 100 100 100 100 100 100 74 0 0 0 0 0 0 32 100 46 16 39 74 11 0 13 54 100 79 19 0 0 0 0 0 0 56 70 2 0 0 0 0 0 0 0 24 13 0 0 0 5 67 36 0 0 0 0 0 0 0 0 44 49 0 0 0 41 100 94 8 0 0 0 1 21 59 100 94 35 0 0 0 0 0 0 0 7 100 56 0 0 0 0 9 83 26
42 98 100 100 100 100 100 100 67 12 0 0 0 0 0 0 4 20 9 94 83 6 0 0 0 18 99 100 60 0 0 0 0 2 69 65 6 0 0 0 0 0 0 0 0 0 35 0 0 26 49 13 0 0 0 0 0 0 0 0 0 64 28 0 0 0 4 85 98 4 0 28 19 64 98 100 69 6 0 0 0 0 0 0 0 0 60 100 55 0 0 0 0 47 35 9
100 100 100 100 100 100 100 74 0 0 0 0 0 0 0 0 0 0 42 79 11 0 0 0 0 0 53 100 98 29 0 0 6 69 49 5 0 0 0 0 0 0 0 0 0 0 26 10 36 27 0 0 0 0 0 0 0 0 0 0 16 75 2 0 0 0 0 50 100 75 9 83 100 100 100 69 2 0 0 0 0 0 0 0 0 2 85 100 66 0 0 0 0 52 0 10
100 100 100 100 100 100 86 12 0 0 0 0 0 0 0 0 0 18 52 0 0 0 0 0 0 0 2 79 100 98 19 19 80 34 0 0 0 0 0 0 0 0 0 0 0 0 9 83 21 0 0 0 0 0 0 0 0 0 0 9 65 4 0 0 0 0 4 28 87 100 94 100 100 100 83 5 0 0 0 0 0 0 0 0 0 16 87 100 66 0 0 0 13 48 0 17
100 100 100 100 99 46 5 0 0 0 0 0 0 0 0 1 39 43 0 0 0 0 0 0 0 0 0 39 100 100 98 99 48 0 0 0 0 0 0 0 0 0 0 0 4 46 74 20 0 0 0 0 0 0 0 0 0 0 4 81 39 0 0 0 0 0 0 21 65 100 100 100 100 66 2 0 0 0 0 0 0 0 0 0 0 0 46 100 51 0 0 0 64 22 10 10
100 100 100 84 24 0 0 0 0 0 0 0 0 0 9 58 32 0 0 0 0 0 0 0 0 0 0 16 99 99 91 61 1 0 0 0 0 0 0 0 0 0 11 49 77 37 1 0 0 0 0 0 0 0 0 0 0 0 56 97 3 0 0 0 0 0 0 0 72 100 100 100 61 1 0 0 0 0 0 0 0 0 0 0 0 0 56 100 42 0 0 10 88 2 18 0
100 100 84 15 0 0 0 0 0 0 0 0 1 42 57 9 0 0 0 0 0 0 0 0 0 0 8 72 100 100 79 0 0 0 0 0 0 0 0 0 5 51 82 38 2 0 0 0 0 0 0 0 0 0 0 0 0 6 95 64 0 0 0 0 0 0 24 45 100 100 100 93 5 0 0 0 0 0 0 0 0 0 0 0 0 17 88 100 95 30 0 18 77 0 16 0
100 73 7 0 0 0 0 0 0 0 0 14 71 50 0 0 0 0 0 0 0 0 0 0 0 4 88 100 100 77 10 0 0 0 0 0 0 0 6 55 79 34 1 0 0 0 0 0 0 0 0 0 0 0 0 0 0 45 100 35 0 0 0 0 36 22 86 100 96 61 14 60 2 0 0 0 0 0 0 0 0 0 0 0 0 28 100 100 89 99 59 66 53 6 12 0
43 0 0 0 0 0 0 0 0 0 41 85 25 0 0 0 0 0 0 0 0 0 0 0 0 49 100 100 76 10 0 0 0 0 0 0 9 22 82 38 1 0 0 0 0 0 0 0 0 0 0 0 0 0 0 0 0 86 94 2 0 0 5 48 91 100 100 68 22 0 0 45 46 0 0 0 0 0 0 0 0 0 0 0 0 38 100 100 100 100 96 98 32 18 0 0
0 0 0 0 0 0 0 0 10 65 81 19 0 0 0 0 0 0 0 0 0 0 0 0 23 97 100 100 49 0 0 0 0 0 0 40 79 72 14 0 0 0 0 0 0 0 0 0 0 0 0 0 0 0 0 0 26 100 78 0 0 6 83 100 100 100 87 2 0 0 0 1 77 10 0 0 0 0 0 0 0 0 0 0 0 36 100 100 100 100 100 100 35 6 0 0
0 0 0 0 0 0 2 40 89 69 1 0 0 0 0 0 0 0 0 0 0 0 0 0 76 99 55 74 100 40 0 0 0 20 65 74 4 0 0 0 0 0 0 0 0 0 0 0 0 0 0 0 0 0 0 29 91 100 89 8 0 56 100 100 100 100 100 10 0 0 0 0 11 48 0 0 0 0 0 0 0 0 0 0 0 29 100 100 100 100 100 78 28 6 0 0
0 0 0 0 0 6 74 83 25 3 19 0 0 0 0 0 0 0 0 0 0 0 0 13 96 41 0 4 68 99 26 0 0 68 100 37 0 0 0 0 0 0 0 0 0 0 0 0 0 0 0 0 0 1 35 99 100 100 100 67 63 99 100 97 81 97 45 0 0 0 0 0 0 43 1 0 0 0 0 0 0 0 0 0 0 37 100 100 100 100 100 94 28 0 0 0
0 0 0 0 24 81 57 4 0 0 8 6 0 0 0 0 0 0 0 0 0 0 9 89 48 0 0 0 2 60 95 26 0 88 80 2 0 0 0 0 0 0 0 0 0 0 0 0 0 0 0 0 22 76 100 100 100 100 100 100 100 100 58 4 0 3 1 0 0 0 0 0 0 17 25 0 0 0 0 0 0 0 0 0 0 24 100 100 100 100 100 100 39 0 0 0
0 0 1 35 73 22 0 0 0 0 0 16 1 0 0 0 0 0 0 0 0 3 75 62 1 0 0 0 0 1 69 96 44 100 33 0 0 0 0 0 0 0 0 0 0 0 0 0 0 0 5 63 100 100 100 100 100 100 100 100 100 87 53 21 0 0 0 0 0 0 0 0 0 0 44 0 0 0 0 0 0 0 5 0 0 9 97 100 100 100 100 98 12 0 0 0
2 36 55 29 0 0 0 0 0 0 0 1 19 0 0 0 0 0 0 0 1 65 60 0 0 25 50 11 0 0 9 78 100 100 39 0 0 0 0 0 0 0 0 0 0 0 0 0 0 33 92 85 96 100 100 97 97 100 100 100 77 9 0 26 42 4 0 0 0 0 0 0 0 0 39 6 0 0 0 0 0 0 2 13 0 15 100 100 100 100 100 69 0 0 0 0
53 18 0 0 0 0 0 0 0 0 0 0 6 14 13 2 0 0 0 0 59 68 1 0 18 88 62 87 69 72 98 100 100 100 87 4 0 0 0 5 14 0 0 1 0 0 24 66 72 60 16 10 77 100 100 100 100 100 73 22 0 0 0 0 3 38 29 1 0 0 0 0 0 2 24 43 0 0 0 0 0 0 0 17 7 77 100 100 100 100 100 43 0 0 0 0
0 0 0 0 0 0 0 0 0 0 0 0 0 23 32 39 0 0 0 53 72 3 0 12 84 20 0 1 16 18 19 65 100 100 100 65 45 61 76 99 100 65 71 92 70 56 100 100 32 0 26 83 95 78 72 74 86 22 0 0 0 0 0 0 0 0 17 51 40 37 41 40 42 39 29 77 68 48 7 3 0 1 10 42 62 100 100 100 100 100 100 31 0 0 0 0
0 0 0 0 0 0 0 0 0 0 0 0 0 0 0 22 30 0 53 88 4 0 8 81 23 0 0 0 0 0 0 0 17 43 92 100 100 100 100 100 100 100 99 88 100 96 88 84 22 78 100 100 29 0 0 0 57 0 0 0 0 0 0 0 0 0 0 4 5 0 0 0 0 0 0 43 89 99 94 99 75 3 35 96 100 100 100 100 100 100 93 1 0 0 0 0
0 0 0 0 0 0 0 0 0 0 0 0 0 0 0 0 34 80 94 31 0 0 56 24 0 0 0 0 0 0 0 0 0 52 70 100 100 100 100 100 100 100 86 46 100 72 86 98 100 70 41 43 9 0 0 0 44 0 0 0 0 0 0 0 0 0 0 0 0 0 0 0 0 0 0 2 25 28 61 99 100 84 67 94 99 100 100 100 100 100 79 0 0 0 0 0
0 0 0 0 0 0 0 0 0 0 0 0 0 0 0 0 44 76 70 0 1 42 14 0 0 0 0 1 2 0 0 0 13 41 89 100 100 100 100 100 100 100 87 61 100 100 99 94 100 58 0 0 0 0 0 0 45 3 0 0 0 0 0 0 0 0 0 0 0 0 0 0 0 0 0 0 7 13 19 54 97 100 100 100 98 100 100 100 100 100 55 0 0 0 0 0
0 0 0 0 0 0 0 0 0 0 0 0 0 0 0 25 51 0 73 18 77 21 0 0 0 16 62 92 99 84 73 34 68 93 100 100 100 100 100 100 100 97 86 91 74 54 18 18 53 3 0 0 0 0 0 0 39 46 3 0 0 0 0 0 0 0 0 0 0 0 0 0 0 0 0 0 0 0 4 26 44 99 100 100 100 100 100 100 100 100 52 0 0 0 0 0
0 0 0 0 0 0 0 0 0 0 0 0 0 0 20 46 1 0 43 100 56 18 0 5 34 97 100 100 100 100 100 100 100 100 100 100 100 100 100 75 28 4 0 0 0 0 0 0 0 0 0 0 0 0 0 0 31 9 28 30 22 0 0 0 0 0 0 0 0 0 0 0 0 0 0 0 0 0 0 0 0 50 100 100 100 100 100 100 100 100 34 0 0 0 0 0
0 0 0 0 0 0 0 0 0 0 0 0 1 40 50 0 0 0 13 74 9 9 13 72 100 100 100 100 100 100 100 100 100 100 100 100 100 83 13 0 0 0 0 0 0 0 0 0 0 0 0 0 0 0 0 0 33 18 0 0 9 50 48 29 0 0 0 0 0 0 0 0 0 0 0 0 0 0 0 0 0 2 93 100 100 100 100 100 100 97 9 0 0 0 0 0
0 0 0 0 0 0 0 1 28 28 20 41 56 24 1 0 0 0 0 79 6 21 23 90 100 100 100 100 100 100 100 100 100 100 100 97 97 69 1 0 0 0 0 0 0 0 0 0 0 0 0 0 0 0 0 0 20 22 0 0 0 30 4 15 34 0 0 0 0 0 0 0 0 0 0 0 0 0 0 0 0 2 90 100 100 100 100 100 100 68 0 0 0 0 0 0
0 0 0 0 0 2 35 81 99 73 44 15 0 0 0 0 0 0 0 57 23 10 19 82 100 100 100 100 100 100 100 100 100 100 100 59 12 17 63 12 0 0 0 0 0 0 0 0 0 0 0 0 0 0 0 0 13 26 0 0 1 28 0 0 7 35 19 0 0 0 0 0 0 0 6 24 36 34 34 34 34 61 100 100 100 100 100 100 100 33 0 0 0 0 0 0
0 3 29 33 51 80 100 100 91 4 0 0 0 0 0 0 0 0 0 22 30 0 0 71 100 100 100 100 100 98 100 100 100 100 100 21 0 0 14 77 6 0 0 0 0 0 0 0 0 0 0 0 0 0 0 0 35 27 0 0 25 4 0 0 0 0 12 24 22 20 19 26 27 35 31 10 0 0 0 0 0 9 96 100 100 100 100 100 100 10 0 0 0 0 0 0
70 96 100 81 30 35 12 44 54 58 0 0 0 0 0 0 0 0 0 17 36 0 20 91 100 100 100 100 100 100 85 30 85 100 100 35 0 0 0 6 52 39 0 0 0 0 0 0 0 0 0 0 0 0 0 0 45 19 0 2 28 0 0 0 0 0 0 0 0 0 0 0 0 0 0 0 0 0 0 0 0 34 97 100 100 100 100 100 100 0 0 0 0 0 0 0
42 37 25 1 0 0 0 0 0 58 19 0 0 0 0 0 0 0 0 46 10 0 52 100 100 100 100 100 66 61 92 19 60 100 100 40 0 0 0 0 0 52 32 0 0 0 0 0 0 0 0 0 0 0 0 0 52 7 0 27 2 0 0 0 0 0 0 0 0 0 0 0 0 0 0 0 0 0 0 0 0 37 100 100 100 100 100 100 100 8 0 0 0 0 0 0
0 0 0 0 0 0 0 0 0 7 61 0 0 0 0 0 0 0 0 54 0 0 51 100 100 100 100 63 2 13 34 97 85 100 100 98 12 0 11 35 38 42 34 0 0 0 0 0 0 0 0 0 0 0 0 0 47 0 0 27 0 0 0 0 0 0 0 0 0 0 0 0 0 0 0 0 0 0 0 0 0 14 100 100 100 100 100 100 100 22 0 0 0 0 0 0
0 0 0 0 0 0 0 0 0 0 55 13 0 0 0 0 0 0 8 37 0 0 77 100 100 100 97 11 0 0 37 100 100 100 100 100 68 36 31 16 1 40 43 0 0 0 0 0 0 0 0 0 0 0 0 1 47 0 11 15 0 0 0 0 0 0 0 0 0 0 0 0 0 0 0 0 0 0 0 0 0 17 100 98 100 100 100 100 100 30 0 0 0 0 0 0
0 0 0 0 0 0 0 0 0 0 19 50 0 0 0 0 0 0 37 6 0 13 100 100 100 100 64 0 0 0 40 100 100 100 100 100 32 0 0 0 0 31 22 0 0 0 0 0 0 0 0 0 0 0 0 23 52 28 22 0 0 0 0 0 0 0 0 0 0 0 0 0 0 0 0 0 0 0 0 0 1 73 79 56 100 100 100 100 100 47 0 0 0 0 0 0
0 0 0 0 0 0 0 0 0 0 0 69 0 0 0 0 0 2 49 0 0 50 100 100 100 100 46 0 0 0 61 100 100 97 99 54 20 0 0 0 0 21 47 0 0 0 0 0 0 0 0 0 4 26 31 42 73 5 0 0 0 0 0 0 0 0 0 0 0 0 0 0 0 0 0 0 0 0 0 2 41 100 100 97 100 100 100 100 100 91 29 0 0 0 0 0
0 0 0 0 0 0 0 0 0 0 0 61 9 0 3 26 40 40 9 0 0 84 100 100 100 100 20 0 13 67 91 100 95 43 79 1 0 0 0 0 0 1 70 14 0 0 0 0 0 11 30 40 27 3 0 0 56 0 0 0 0 0 0 0 0 0 0 0 0 0 0 0 0 0 0 0 0 1 33 42 84 91 34 33 100 100 100 100 100 100 82 24 0 0 4 29
0 0 0 0 0 0 0 4 18 0 0 36 66 59 42 14 0 0 0 0 5 98 100 100 100 96 5 2 78 100 100 98 47 7 47 0 0 0 0 0 0 0 10 70 72 25 17 0 9 39 0 0 0 0 0 0 57 0 0 0 0 0 0 0 0 0 0 0 0 0 0 0 0 0 0 0 0 0 42 59 100 47 0 21 100 100 100 100 100 83 8 55 33 32 30 14
0 0 0 0 0 2 35 26 17 32 12 21 100 54 0 0 0 0 0 0 37 100 100 100 100 98 33 55 94 100 90 51 0 39 14 0 0 0 0 0 0 0 0 0 18 41 89 82 75 8 0 0 0 0 0 0 60 0 0 0 0 0 0 0 0 0 0 0 0 0 0 0 0 0 0 0 0 0 6 32 94 5 0 36 100 100 100 100 100 87 0 0 0 0 0 0
2 0 0 0 17 33 2 0 0 0 36 2 85 85 0 0 0 0 5 56 98 100 100 100 100 100 100 100 100 100 79 2 1 75 0 0 0 0 0 0 0 0 0 0 0 0 2 57 97 35 0 0 0 0 0 0 52 0 0 0 0 0 0 0 0 0 0 0 0 0 0 0 0 0 0 0 0 0 0 43 75 0 0 33 100 100 100 100 100 72 0 0 0 0 0 0
45 5 3 29 16 0 0 0 0 0 32 6 41 97 0 0 0 9 85 100 100 100 100 100 100 100 100 100 100 100 39 15 82 70 0 0 0 0 0 0 0 0 0 0 0 0 0 0 80 100 82 0 0 0 0 0 42 0 0 0 0 0 0 0 0 0 0 0 0 0 0 0 0 0 0 0 0 0 0 65 43 0 0 74 100 100 100 100 100 56 0 0 0 0 0 0
2 26 24 2 0 0 0 0 0 0 4 44 52 93 49 1 0 13 100 100 100 100 100 100 100 100 100 100 100 100 36 90 100 48 0 0 0 0 0 0 0 0 0 0 0 0 0 0 19 98 100 50 0 0 0 3 47 0 0 0 0 0 0 0 0 0 0 0 0 0 0 0 0 0 0 0 0 0 9 99 22 0 0 95 100 100 100 100 100 18 0 0 0 0 0 0
0 0 0 0 0 0 0 0 0 0 0 28 100 100 100 26 8 63 100 100 100 100 100 100 100 100 100 100 100 100 100 86 89 27 0 0 0 0 0 0 0 0 0 0 0 0 0 0 0 56 100 74 0 0 0 19 68 12 0 0 0 0 0 0 0 0 0 0 0 0 0 0 0 0 0 0 0 0 23 83 0 0 5 99 100 100 100 100 98 6 0 0 0 0 0 0
20 3 0 0 0 0 0 0 0 0 0 12 91 100 100 95 97 100 100 100 100 100 100 100 100 100 100 100 100 100 63 34 76 49 1 0 0 0 0 0 0 0 0 0 0 0 0 0 0 6 97 98 60 69 59 70 29 34 25 15 0 0 0 0 0 0 0 0 0 0 0 0 0 0 0 0 0 0 50 76 27 0 22 100 100 100 100 100 95 0 0 0 0 0 0 0
86 14 0 0 0 0 0 0 0 0 0 0 60 100 100 100 100 100 100 100 100 100 100 100 100 100 100 100 73 43 14 54 52 22 43 17 0 0 0 0 0 0 0 0 0 1 7 0 0 0 83 100 97 95 59 5 0 0 0 15 40 1 0 0 0 0 0 0 0 0 0 0 0 0 0 0 0 0 32 78 4 0 36 100 100 100 100 100 100 23 0 4 33 1 0 3
76 9 9 0 0 0 0 0 0 0 0 18 98 100 100 100 100 100 100 100 100 100 100 100 100 100 95 48 0 7 10 45 57 0 0 24 38 1 0 0 0 0 0 0 0 11 0 0 0 0 28 97 100 71 0 0 0 0 0 0 9 37 0 0 0 0 0 0 0 0 0 0 0 0 0 0 0 0 4 94 15 0 60 100 100 100 100 100 100 100 84 92 100 100 100 86
55 0 7 0 0 0 0 0 0 0 15 93 100 100 100 100 100 100 100 100 100 100 100 100 99 52 11 0 0 0 0 27 62 0 0 0 7 44 4 0 0 0 4 4 0 8 0 0 3 46 58 61 98 100 48 0 0 0 0 0 0 20 16 0 0 0 0 0 0 0 0 0 0 0 0 0 0 0 0 75 43 34 98 100 100 100 100 100 100 100 100 100 100 100 100 100
41 0 37 60 54 30 0 0 3 17 80 100 100 100 100 100 100 100 100 100 100 100 100 100 100 8 0 0 0 0 0 15 89 16 11 4 0 3 43 44 34 43 46 52 33 22 18 34 71 19 1 8 77 100 97 17 0 0 0 0 0 0 30 0 0 0 0 0 0 0 0 0 0 0 0 0 0 0 0 56 59 61 100 98 93 100 100 100 100 100 100 100 100 100 100 100
78 40 76 3 1 39 60 67 88 100 100 100 100 100 100 100 100 100 100 100 100 100 100 100 57 0 0 0 0 0 0 19 84 0 0 0 0 0 0 3 8 5 1 10 19 31 99 47 6 0 0 0 9 93 100 74 0 0 0 0 0 0 26 6 0 8 43 49 52 54 48 31 0 0 0 0 0 0 40 89 85 94 100 100 99 100 100 100 100 100 100 100 100 100 100 90
57 16 45 65 66 64 55 51 67 100 100 100 100 100 100 100 100 100 100 100 100 90 70 34 0 0 0 0 0 0 0 18 88 0 0 0 0 0 0 0 0 0 0 0 0 36 67 0 0 0 0 0 0 30 87 82 2 0 0 0 0 0 2 43 49 42 7 0 0 0 0 24 47 42 47 43 50 52 89 53 64 71 57 77 100 100 100 100 100 100 100 100 100 91 78 17
8 0 0 0 0 4 25 68 100 100 100 100 100 100 100 100 100 100 100 87 46 12 1 0 0 0 0 0 0 0 0 43 81 0 0 0 0 0 0 0 0 0 0 0 0 51 27 0 0 0 0 0 0 4 75 80 32 22 28 36 44 49 60 49 3 0 0 0 7 12 0 0 0 0 0 4 62 96 63 70 63 39 47 61 99 100 100 100 100 100 100 100 85 21 0 0
33 0 0 0 0 0 0 17 100 100 100 100 100 100 100 100 100 100 44 1 0 0 0 0 0 0 0 0 0 0 0 47 74 0 0 0 0 0 0 0 0 0 0 0 0 48 12 28 67 62 64 54 57 69 76 100 70 59 27 22 14 12 3 0 0 0 0 0 17 19 0 0 0 14 23 50 100 59 63 73 70 41 65 26 99 100 100 100 100 100 100 100 37 1 8 37
100 83 49 3 0 0 0 65 100 100 100 100 100 100 100 100 96 98 27 0 0 0 0 0 0 0 0 0 0 0 0 28 74 0 0 0 0 0 0 0 0 0 0 0 0 55 76 30 13 1 0 0 0 0 1 75 15 0 0 0 0 0 0 0 0 0 0 0 18 0 0 0 0 0 14 65 96 54 59 62 50 77 87 86 100 100 100 100 100 100 100 100 80 75 95 100
100 100 100 82 17 13 64 100 100 100 100 100 100 100 100 100 87 98 97 38 14 0 0 0 0 0 0 0 0 0 0 23 90 0 0 0 0 0 0 0 0 0 0 23 40 76 46 0 0 0 0 0 0 0 35 100 58 0 0 0 0 0 13 10 24 27 20 34 11 0 0 0 0 0 0 16 97 67 60 78 91 100 100 100 100 100 100 100 100 100 100 100 100 100 100 100
100 100 100 100 100 96 100 100 100 100 100 100 100 100 99 75 75 59 32 78 95 55 61 35 6 0 0 0 0 0 0 10 87 0 0 0 0 0 0 0 1 30 43 18 0 65 16 0 0 0 0 0 0 14 59 100 88 38 71 87 79 63 97 96 100 100 100 14 5 0 0 0 0 0 0 30 89 74 91 100 75 46 80 99 100 100 100 100 100 100 100 100 100 100 100 100
100 100 100 100 100 100 100 100 100 100 100 100 100 100 35 0 0 0 0 4 70 20 3 31 61 64 36 5 0 0 0 32 70 0 0 0 0 0 2 38 45 16 0 0 12 63 1 0 0 0 2 5 32 93 98 100 100 100 100 100 100 100 100 100 100 100 100 98 71 1 0 0 0 0 1 74 100 100 100 69 76 45 53 91 98 98 100 100 100 100 100 100 100 100 100 100
100 100 100 100 100 100 100 100 100 100 100 100 100 74 1 0 0 0 0 0 45 38 0 0 0 2 25 55 55 25 0 46 76 0 0 0 20 68 95 100 58 43 60 66 85 100 47 44 53 78 97 100 100 100 100 100 100 100 100 100 100 96 100 100 100 100 100 100 100 63 1 0 0 0 6 97 100 100 89 59 84 48 59 92 96 80 100 100 100 100 100 100 100 100 100 100
100 100 100 100 100 100 100 100 100 100 100 100 97 3 0 0 0 0 0 0 15 88 4 0 0 0 0 0 0 38 40 83 75 4 20 56 89 97 98 100 100 100 100 100 100 100 100 100 100 100 100 100 84 97 94 89 43 23 30 33 11 1 58 100 100 100 100 100 100 100 92 66 41 26 62 100 96 99 81 69 92 63 97 99 81 100 100 100 100 100 100 100 100 100 100 100
100 100 100 100 100 100 100 100 100 100 100 100 58 0 0 0 0 0 0 0 0 56 35 0 0 0 0 0 0 0 32 100 100 98 100 92 90 100 100 100 100 100 100 100 100 100 96 89 24 16 58 18 0 14 2 0 0 0 0 0 0 0 1 58 100 100 100 100 100 100 100 100 93 99 100 100 85 66 100 54 72 73 95 100 100 100 100 100 100 100 100 100 100 100 100 100
78 64 100 100 100 100 100 100 100 100 100 100 91 18 0 0 0 0 0 0 0 14 80 1 0 0 0 0 15 61 99 100 100 100 100 100 100 100 100 100 100 100 100 100 100 100 42 2 0 0 0 0 0 0 0 0 0 0 0 0 0 0 0 0 29 34 43 50 50 56 71 95 100 100 100 100 100 69 74 78 99 100 100 100 100 100 100 100 100 100 100 100 100 100 100 100
82 1 73 100 100 100 100 100 100 100 100 100 100 98 56 11 0 0 0 0 0 5 96 62 50 79 82 98 100 100 100 100 100 100 100 100 100 100 100 100 100 100 100 100 100 96 0 0 0 0 0 0 0 0 0 0 0 0 0 0 0 0 0 0 0 0 0 0 0 0 0 4 59 100 100 100 100 88 44 44 100 100 100 100 100 100 100 100 100 100 100 100 100 74 31 46
76 12 88 100 100 100 100 100 100 100 100 100 100 100 100 100 94 73 66 60 51 68 100 100 100 100 100 100 100 100 100 100 100 100 100 100 100 100 100 100 100 100 100 100 99 97 6 0 0 0 0 0 0 0 0 0 0 0 0 0 0 0 0 0 0 0 0 0 0 0 0 0 13 70 22 79 39 51 56 94 100 100 100 100 100 100 100 100 100 100 100 100 89 4 0 47
100 81 100 100 100 100 100 100 100 100 100 100 100 100 100 100 100 100 100 100 100 100 100 100 100 100 100 100 100 100 100 100 100 100 100 100 100 100 100 100 97 66 87 69 17 83 2 0 0 0 0 0 0 0 0 0 0 0 0 0 0 0 0 0 0 0 0 0 0 0 0 0 17 50 0 0 0 0 0 28 100 100 100 100 100 100 100 100 100 100 100 100 31 32 46 23
100 100 100 100 100 100 100 100 100 100 100 100 100 100 100 100 100 100 100 100 100 100 100 100 100 100 100 100 100 100 100 100 100 100 100 100 100 100 96 61 10 6 77 2 0 63 1 0 0 0 0 0 0 0 0 0 0 0 0 0 0 0 0 0 0 0 0 0 0 0 0 4 65 3 0 0 0 0 0 30 100 100 100 100 100 100 100 100 100 100 100 100 62 70 13 0
100 100 100 100 100 100 100 100 100 100 100 100 100 100 100 100 100 100 100 100 100 100 100 100 100 100 100 100 100 100 100 100 100 100 100 100 93 57 12 0 0 38 38 0 0 30 54 2 0 0 0 0 0 0 0 0 0 0 0 0 0 0 0 0 0 0 0 0 0 0 0 47 9 0 0 0 0 0 0 43 100 100 100 100 100 100 100 100 100 100 100 81 8 57 4 8
100 100 100 98 100 100 100 100 100 100 100 100 100 100 100 100 100 100 100 100 100 100 100 100 100 100 100 100 100 100 100 100 100 100 83 46 9 0 0 0 10 77 11 0 0 0 32 68 5 0 0 0 0 0 0 0 0 0 0 0 0 0 0 0 0 0 0 0 0 0 23 26 0 0 0 0 0 0 0 44 89 85 50 78 100 100 100 100 100 100 100 20 61 14 0 0
100 100 100 89 96 100 100 100 100 100 99 71 72 99 98 92 95 96 99 100 99 100 100 100 100 100 100 100 100 100 100 98 100 79 28 20 16 45 41 41 75 34 0 0 0 0 0 25 73 13 0 0 0 0 0 0 0 0 0 0 0 0 0 0 0 0 0 0 0 0 49 0 0 0 0 0 0 1 23 11 51 6 55 1 69 100 100 100 100 99 100 50 43 0 0 0
