lus_demo/data/Current_situation/Thematic_maps/Noise/perc_opp_gt_50dba.asc
ncols         540
nrows         650
xllcorner     10000
yllcorner     300000
cellsize      500
NODATA_value  -9999
[rows 325 to 389 of 650, columns 96 to 191 of 540]
0 0 0 0 0 0 0 0 0 0 0 0 0 0 0 0 0 0 0 0 0 0 0 0 0 0 0 0 0 0 0 0 0 0 0 0 0 0 0 0 0 0 0 0 0 0 0 0 0 0 0 0 0 0 0 20 12 90 100 100 100 100 100 100 100 100 100 100 100 100 100 100 100 100 100 100 100 100 100 100 100 100 72 0 0 0 0 0 0 0 10 29 52 87 99 64
0 0 0 0 0 0 0 0 0 0 0 0 0 0 0 0 0 0 0 0 0 0 0 0 0 0 0 0 0 0 0 0 0 0 0 0 0 0 0 0 0 0 0 0 0 0 0 0 0 0 0 0 0 0 0 0 18 74 100 100 100 100 100 100 100 100 100 100 100 100 100 100 100 100 100 100 100 100 100 100 100 99 28 0 0 0 0 0 14 64 99 100 100 100 87 69
0 0 0 0 0 0 0 0 0 0 0 0 0 0 0 0 0 0 0 0 0 0 0 0 0 0 0 0 0 0 0 0 0 0 0 0 0 0 0 0 0 0 0 0 0 0 0 0 0 0 0 0 0 0 0 12 40 97 98 100 100 100 100 100 100 100 100 100 100 100 100 100 100 100 100 100 100 100 100 100 100 99 87 70 66 63 73 88 100 100 100 100 100 100 80 72
0 0 0 0 0 0 0 0 0 0 0 0 0 0 0 0 0 0 0 0 0 0 0 0 0 0 0 0 0 0 0 0 0 0 0 0 0 0 0 0 0 0 0 0 0 0 0 0 0 0 0 0 6 24 8 63 82 95 96 84 74 100 100 100 100 100 100 100 100 100 100 100 100 100 100 100 100 100 100 100 100 100 100 100 100 100 100 100 100 100 100 100 100 92 96 75
0 0 0 0 0 0 0 0 0 0 0 0 0 0 0 0 0 0 0 0 0 0 0 0 0 0 0 0 0 0 0 0 0 0 0 0 0 0 0 0 0 0 0 0 0 0 0 0 0 0 0 0 4 51 87 29 28 98 30 9 69 100 100 100 100 100 100 100 100 100 100 100 100 100 100 100 100 100 100 100 100 100 100 100 100 100 100 100 100 100 100 100 100 100 95 96
0 0 0 0 0 0 0 0 0 0 0 0 0 0 0 0 0 0 0 0 0 0 0 0 0 0 0 0 0 0 0 0 0 0 0 0 0 0 0 0 0 0 0 0 0 0 0 0 0 0 0 0 6 68 49 27 95 100 89 71 95 100 100 100 100 100 100 100 100 100 100 100 100 100 100 100 100 100 100 100 100 100 100 100 100 100 100 100 100 100 100 100 100 100 100 100
0 0 0 0 0 0 0 0 0 0 0 0 0 0 0 0 0 0 0 0 0 0 0 0 0 0 0 0 0 0 0 0 0 0 0 0 0 0 0 0 0 0 4 14 21 36 4 0 0 1 40 76 36 56 98 100 100 100 100 100 100 100 100 100 100 100 100 100 100 100 100 100 100 99 57 39 74 95 70 92 100 100 100 100 100 100 100 100 100 100 100 100 93 100 100 100
0 0 0 0 0 0 0 0 0 0 0 0 0 0 0 0 0 0 0 0 0 0 0 0 0 0 0 0 0 0 0 0 0 0 0 0 0 0 0 0 0 10 61 83 72 45 0 0 31 75 100 100 100 88 100 100 100 100 100 100 100 100 100 100 100 100 100 100 100 100 100 100 100 34 0 0 6 73 0 1 22 57 95 100 100 86 25 12 16 55 94 100 97 100 100 100
0 0 0 0 0 0 0 0 0 0 0 0 0 0 0 0 0 0 0 0 0 0 0 0 0 0 0 0 0 0 0 0 0 0 0 0 0 0 0 0 12 70 42 83 56 92 74 48 100 100 69 96 100 100 100 100 100 100 100 100 100 100 100 100 100 100 100 100 100 100 100 100 67 3 0 0 0 70 0 0 0 0 18 97 100 50 0 0 0 0 27 96 100 100 100 100
0 0 0 0 0 0 0 0 0 0 0 0 0 0 0 0 0 0 0 0 0 0 0 0 0 0 0 0 0 0 0 0 0 0 0 0 0 0 0 0 40 70 48 70 88 74 47 100 53 18 32 37 100 100 100 100 100 100 100 100 100 100 100 100 100 100 100 100 100 100 100 74 2 0 0 0 0 69 0 0 0 0 0 46 100 41 0 0 0 0 0 12 63 100 100 100
0 0 0 0 0 0 0 0 0 0 0 0 0 0 0 0 0 0 0 0 0 0 0 0 0 0 0 0 0 0 0 0 0 0 0 0 0 0 0 0 12 62 79 84 85 97 88 82 73 35 69 96 97 100 100 100 100 100 100 100 100 100 100 100 100 100 100 100 100 100 76 5 0 0 0 0 0 64 0 0 0 0 0 3 94 46 0 0 0 0 0 0 10 100 100 100
0 0 0 0 0 0 0 0 0 0 0 0 0 0 0 0 0 0 0 0 0 0 0 0 0 0 0 0 0 0 0 0 0 0 0 0 0 0 1 47 61 84 74 72 7 76 96 48 94 96 62 82 98 100 100 100 100 100 100 100 100 100 100 100 100 100 100 100 100 97 13 0 0 0 0 0 11 66 0 0 0 0 0 0 77 44 0 0 0 0 0 0 61 100 100 100
0 0 0 0 0 0 0 0 0 0 0 0 0 0 0 0 0 0 0 0 0 0 0 0 0 0 0 0 0 0 0 0 0 0 0 0 0 0 17 56 75 88 100 58 86 81 78 94 70 71 86 98 100 100 100 100 100 100 100 100 100 100 100 100 100 100 66 36 99 62 0 0 1 27 0 2 63 12 0 0 0 0 0 4 95 35 0 0 0 0 0 3 99 100 100 100
0 0 0 0 0 0 0 0 0 0 0 0 0 0 0 0 0 0 0 0 0 0 0 0 0 0 0 0 0 0 0 0 0 0 0 0 0 0 21 61 96 100 99 98 69 83 34 100 76 74 56 94 100 100 100 100 100 100 100 100 100 100 100 100 98 40 0 0 85 49 0 0 0 8 23 57 18 0 0 0 0 0 0 17 100 32 0 0 0 0 0 17 100 100 100 100
0 0 0 0 0 0 0 0 0 0 0 0 0 0 0 0 0 0 0 0 0 0 0 0 0 0 0 0 0 0 0 0 0 0 0 0 0 30 91 88 99 98 79 78 47 37 57 86 100 95 66 100 100 100 100 100 100 100 100 100 100 100 100 100 34 0 0 0 58 67 0 0 0 1 26 45 50 0 0 0 12 25 23 71 100 48 0 0 0 0 3 54 100 100 100 100
0 0 0 0 0 0 0 0 0 0 0 0 0 0 0 0 0 0 0 0 0 0 0 0 0 0 0 0 0 0 0 0 0 0 0 0 56 86 91 85 99 88 67 41 70 43 58 100 100 100 100 100 100 100 100 100 100 100 100 100 100 100 100 96 7 0 0 0 32 90 3 9 20 47 54 31 28 30 0 12 90 100 100 100 100 97 76 69 59 60 75 100 100 100 100 99
0 0 0 0 0 0 0 0 0 0 0 0 0 0 0 0 0 0 0 0 0 0 0 0 0 0 0 0 0 0 0 0 0 1 33 66 97 100 82 90 83 81 71 69 76 50 44 83 100 100 100 100 100 100 100 100 100 100 100 100 100 100 100 100 74 29 19 0 8 95 79 63 48 49 32 23 22 64 62 88 100 56 30 46 38 28 30 27 39 64 86 100 100 100 100 100
0 0 0 0 0 0 0 0 0 0 0 0 0 0 0 0 0 0 0 0 0 0 0 0 0 0 0 0 0 0 0 0 0 31 100 61 85 100 93 56 92 94 80 70 75 45 72 100 100 83 100 100 100 100 100 100 100 100 100 100 100 100 100 100 100 100 100 68 36 79 98 32 74 66 54 45 30 0 0 27 100 4 0 0 0 0 0 0 0 0 42 100 100 100 100 59
0 0 0 0 0 0 0 0 0 0 0 0 0 0 0 0 0 0 0 0 0 0 0 0 0 0 0 0 0 0 0 0 0 5 100 68 32 76 86 91 95 99 93 70 53 75 100 98 96 99 100 100 100 100 100 100 100 100 100 100 100 100 100 100 100 100 100 100 100 68 68 91 91 37 53 70 8 0 0 12 100 2 0 0 0 0 0 0 0 0 53 100 100 99 100 44
0 0 0 0 0 0 0 0 0 0 0 0 0 0 0 0 0 0 0 0 0 0 0 0 0 0 0 0 0 0 0 0 0 1 72 77 20 65 59 11 72 78 57 100 74 78 99 77 100 100 100 100 100 100 100 100 100 100 100 100 100 100 100 100 100 100 100 100 100 100 100 100 100 100 84 74 41 0 2 78 84 0 0 0 0 0 0 0 0 0 34 100 92 30 100 82
0 0 0 0 0 0 0 0 0 0 0 0 0 0 0 0 0 0 0 0 0 0 0 0 0 0 0 0 0 0 0 0 0 1 50 90 78 27 68 68 81 95 28 85 98 100 100 29 86 100 100 100 100 100 100 100 100 100 100 100 100 100 100 100 100 100 100 100 100 100 100 100 100 100 100 100 62 53 91 100 13 0 0 0 0 0 0 0 0 0 1 88 76 99 100 100
0 0 0 0 0 0 0 0 0 0 0 0 0 0 0 0 0 0 0 0 0 0 0 0 0 0 0 0 0 0 0 5 26 60 97 100 55 63 81 79 70 89 99 100 100 100 100 94 96 100 100 100 100 100 100 100 100 100 100 100 100 100 100 100 100 100 100 100 100 100 100 100 100 100 100 100 100 100 100 100 49 1 0 0 0 0 0 0 0 0 0 74 89 100 100 100
0 0 0 0 0 0 0 0 0 0 0 0 0 0 0 0 0 0 0 0 0 0 0 0 0 0 0 0 0 1 35 82 34 2 13 98 94 100 99 78 59 95 100 100 86 92 100 100 100 100 100 100 100 100 100 100 100 100 100 100 100 100 100 100 100 100 100 100 100 100 100 100 100 100 100 100 100 100 100 100 100 79 41 27 6 0 0 5 10 18 45 94 100 100 100 100
0 0 0 0 0 0 0 0 0 0 0 0 0 0 0 0 0 0 0 0 0 0 0 0 0 0 0 0 15 81 64 3 5 2 50 99 95 100 100 71 93 100 82 99 98 93 100 100 100 100 100 100 100 100 100 100 100 100 100 100 100 100 100 100 100 100 100 100 100 100 100 100 100 100 100 100 100 100 100 100 100 100 100 100 92 56 12 23 12 21 81 100 100 100 100 100
0 0 0 0 0 0 0 0 0 0 0 0 0 0 0 0 0 0 0 0 0 0 0 0 0 0 0 38 95 64 8 18 13 62 100 87 9 50 100 95 93 88 62 21 67 100 100 100 100 100 100 100 100 100 100 100 100 93 87 90 100 100 100 100 100 100 100 100 100 100 100 100 100 100 100 100 100 100 100 100 100 100 100 100 100 100 100 100 100 100 100 100 100 100 100 100
0 0 0 0 0 0 0 0 0 0 0 0 0 0 0 0 0 0 0 0 0 0 0 0 0 0 37 67 92 3 4 0 7 76 98 31 0 27 100 100 79 27 10 56 96 100 100 100 100 100 100 100 100 100 100 100 100 44 0 4 57 100 100 100 100 100 100 100 100 99 100 100 100 100 100 100 100 100 100 100 100 100 100 100 100 100 100 100 100 100 100 100 100 100 100 100
0 0 0 0 0 0 0 0 0 0 0 0 0 0 0 0 0 0 0 0 0 0 0 0 0 0 78 63 79 82 72 67 87 100 96 26 59 97 98 100 69 44 84 97 100 100 100 100 100 100 100 100 100 100 100 100 95 71 16 0 10 97 100 100 64 43 32 53 92 100 100 99 98 100 100 100 100 100 100 100 100 100 100 100 100 100 100 100 100 100 100 100 100 100 100 100
0 0 0 0 0 0 0 0 0 0 0 0 0 0 0 0 0 0 0 0 0 0 0 0 23 88 100 92 88 100 78 70 98 97 91 98 79 53 7 93 100 92 27 60 100 100 100 100 100 100 100 100 100 100 100 100 100 94 21 0 0 48 100 100 25 0 0 0 18 99 71 15 11 40 93 100 100 100 100 100 100 100 100 100 100 100 100 100 100 100 100 100 100 100 100 100
0 0 0 0 0 0 0 0 0 0 0 0 0 0 0 0 0 0 0 0 0 0 0 0 86 100 39 5 3 86 56 0 72 76 0 0 0 0 52 83 99 100 88 94 100 100 100 100 100 100 100 100 100 100 100 100 100 97 83 51 63 89 97 95 49 0 0 0 0 76 77 0 0 0 11 94 100 100 100 100 100 100 100 100 100 100 100 100 100 100 100 100 100 100 100 100
0 0 0 0 0 0 0 0 0 0 0 0 0 0 0 0 0 0 0 0 0 0 0 0 85 100 81 0 0 25 99 26 73 84 7 9 18 69 41 0 28 97 100 100 100 100 100 100 100 100 100 100 100 100 100 100 100 100 100 100 90 23 19 77 97 10 0 0 17 100 97 0 0 0 0 69 87 73 99 100 100 100 100 100 100 100 100 100 100 100 100 100 100 100 100 100
0 0 0 0 0 0 0 0 0 0 0 0 0 0 0 0 0 0 0 0 0 0 0 1 70 71 90 24 2 7 95 93 98 85 65 87 79 82 3 0 0 53 100 100 100 100 100 100 100 100 100 100 100 100 100 100 100 100 100 99 11 0 2 57 100 32 1 0 0 69 50 0 0 0 14 100 32 19 42 90 95 100 100 100 100 100 100 100 100 100 100 100 100 100 100 100
0 0 0 0 0 0 0 0 0 0 0 0 0 0 0 0 0 0 0 0 0 0 20 89 60 64 74 54 3 41 72 77 93 99 49 96 94 13 0 0 15 92 100 100 100 100 100 100 100 100 100 100 100 100 100 100 100 100 100 100 68 0 0 1 100 100 46 0 0 62 38 23 0 0 13 100 50 70 85 42 1 33 70 100 100 100 100 100 100 100 100 100 100 100 100 100
0 0 0 0 0 0 0 0 0 0 0 0 0 0 0 0 0 0 0 0 0 0 54 73 0 45 41 58 0 30 80 14 47 79 100 100 50 0 0 34 92 66 14 73 100 100 100 100 100 100 100 100 100 100 100 100 100 100 99 100 98 8 0 42 100 100 72 19 4 96 32 3 0 8 9 97 100 100 100 16 0 0 1 48 100 97 65 100 100 100 100 100 100 100 100 100
0 0 0 0 0 0 0 0 0 0 0 0 0 0 0 0 0 0 0 0 0 5 88 100 65 25 74 78 17 7 44 75 34 92 100 100 67 52 92 93 39 0 14 83 100 100 100 100 100 100 100 100 100 100 100 100 100 100 100 100 100 88 6 16 76 100 100 100 85 100 40 0 0 84 100 100 100 100 64 0 0 0 0 0 79 96 61 96 100 100 100 100 100 100 100 100
0 0 0 0 0 0 0 0 0 0 0 0 0 0 0 0 0 0 0 0 11 76 53 37 89 99 99 100 100 100 92 99 96 99 57 56 97 89 49 3 0 3 81 100 100 100 100 100 100 100 100 100 100 100 100 100 100 100 100 100 100 100 5 0 20 96 100 100 100 98 22 50 88 100 100 100 100 64 0 0 0 0 0 0 51 100 100 100 100 100 100 100 100 100 100 100
0 0 0 0 0 0 0 0 0 0 0 0 0 0 0 0 0 0 8 13 74 84 0 0 9 75 100 81 42 40 39 100 28 77 39 0 3 1 0 0 14 80 100 75 37 92 100 100 100 100 100 100 100 100 100 100 100 100 100 100 100 44 0 0 0 62 100 100 100 100 100 100 100 100 100 100 64 0 0 0 0 0 0 0 49 100 100 100 100 100 100 100 100 100 100 100
0 0 0 0 0 0 0 0 0 0 0 0 0 0 0 0 0 0 3 34 82 82 14 0 0 0 22 61 98 56 6 64 96 100 28 4 15 0 0 32 93 100 74 8 0 35 100 100 100 83 92 100 100 100 100 100 100 100 100 100 100 80 0 0 0 14 95 97 100 100 100 100 100 100 100 65 5 0 0 0 0 0 0 0 57 100 100 100 100 100 100 100 100 100 100 100
0 0 0 0 0 0 0 0 0 0 0 0 0 0 0 0 0 0 0 0 23 84 68 0 0 0 0 2 54 100 94 87 100 100 76 43 53 71 61 98 94 57 1 0 0 39 98 62 46 21 10 48 100 100 100 100 100 100 100 100 100 100 17 0 0 3 94 100 100 100 100 100 100 100 59 0 0 0 0 1 0 0 2 53 100 100 100 100 100 100 100 100 100 100 100 88
0 0 0 0 0 0 0 0 0 0 0 0 0 0 0 0 0 0 0 0 0 19 80 27 2 0 0 0 0 36 99 100 100 100 100 100 98 73 54 5 1 0 0 0 5 81 42 0 0 0 0 30 100 100 100 100 100 100 100 100 100 100 39 0 0 84 100 100 100 100 100 100 72 14 0 0 0 0 3 9 3 7 64 100 100 100 100 100 100 100 100 100 100 99 51 12
0 0 0 0 0 0 0 0 0 0 0 0 0 0 0 0 0 0 0 0 0 0 14 90 83 33 0 0 0 0 33 97 100 100 100 100 31 13 0 0 0 0 0 0 33 68 3 0 0 0 0 40 100 100 100 100 100 100 100 100 100 100 86 5 84 100 100 100 100 100 100 75 7 0 0 0 0 16 34 27 26 83 100 100 100 100 100 100 100 100 100 100 100 45 0 0
0 0 0 0 0 8 0 0 0 0 0 0 0 0 0 0 0 0 0 0 0 0 0 8 68 98 34 0 0 0 0 22 99 100 100 100 86 11 0 0 0 0 0 0 64 29 0 0 0 0 34 86 100 100 100 100 100 100 100 100 100 100 100 100 100 100 100 100 100 100 100 99 92 61 68 85 95 85 85 77 68 100 100 100 100 100 100 100 100 100 100 100 63 0 0 0
0 0 0 0 0 22 20 18 0 0 0 0 0 0 0 0 0 22 5 35 14 16 0 0 6 81 100 55 4 0 0 0 64 100 100 100 100 50 0 0 0 0 1 33 89 5 0 0 0 36 36 100 100 100 100 100 100 100 100 100 100 100 100 100 100 100 100 100 99 100 100 100 100 100 100 100 100 100 100 100 100 100 100 100 100 100 100 100 100 100 80 82 0 0 0 0
0 0 0 0 0 1 97 92 30 0 0 0 0 0 1 34 67 81 99 100 100 98 95 66 35 85 100 100 79 2 0 0 32 100 100 100 100 96 31 0 0 31 76 89 15 0 0 0 0 0 8 99 100 100 100 100 100 100 100 100 100 100 100 100 100 100 100 100 99 95 100 100 100 100 100 100 100 100 100 100 100 100 100 100 100 100 100 100 100 100 45 44 22 0 0 0
0 0 0 0 0 0 100 100 98 26 5 23 35 44 95 100 100 100 100 100 100 100 100 100 100 100 100 100 100 90 15 0 10 100 100 100 100 100 98 26 12 100 72 9 0 0 0 0 0 0 0 69 100 100 100 100 100 100 100 100 100 100 100 100 100 100 100 100 100 100 100 100 100 100 100 100 100 100 100 100 100 100 100 100 100 100 100 100 100 77 16 49 39 0 0 0
0 0 0 0 0 0 92 100 100 100 100 100 96 97 100 100 100 100 100 100 100 100 100 100 100 100 100 100 100 100 97 54 59 97 100 100 100 100 100 90 64 83 0 0 0 0 0 0 0 5 24 13 100 100 100 100 100 100 100 100 100 100 100 100 100 100 100 100 100 100 100 100 100 100 100 100 100 100 100 100 100 100 98 62 68 100 100 99 53 1 12 41 0 0 0 0
0 0 0 0 0 0 64 100 100 100 99 97 98 100 100 100 100 100 100 100 100 100 100 100 100 100 100 98 58 97 100 100 100 100 100 100 100 100 100 100 100 64 0 0 0 0 0 0 0 26 59 64 78 100 100 100 100 100 100 100 100 100 100 100 100 100 100 100 100 100 100 100 100 100 100 100 100 100 100 100 92 89 94 9 31 70 63 23 0 0 36 23 0 0 0 0
0 0 0 0 0 0 27 100 100 100 100 100 100 100 100 100 100 100 100 100 100 100 100 100 100 100 100 100 79 15 27 83 100 100 100 100 100 100 100 100 100 91 10 6 0 0 0 0 8 48 84 96 100 100 100 100 100 100 100 100 100 100 100 100 100 100 100 100 100 100 100 100 100 100 100 100 100 100 100 100 63 20 71 67 58 24 23 0 0 5 68 4 0 0 0 0
0 0 0 0 0 0 0 76 100 100 100 100 100 100 100 100 100 100 100 100 100 100 100 100 100 100 100 100 100 57 0 8 84 100 100 100 100 100 100 100 100 100 95 99 30 0 0 0 11 72 99 100 100 100 100 100 100 100 100 100 100 100 100 100 100 100 100 100 100 100 100 100 100 100 100 100 100 100 100 100 85 62 61 93 61 48 37 20 27 66 49 0 0 0 0 0
0 0 0 0 0 0 0 23 68 100 100 100 100 100 100 100 100 100 100 100 100 100 100 100 100 100 100 100 100 100 65 66 32 94 100 100 100 100 100 100 100 100 100 100 100 74 28 59 65 100 100 100 100 100 100 100 100 100 100 100 100 100 100 100 100 100 100 100 100 100 100 99 90 73 99 100 100 100 100 100 100 72 92 19 46 58 38 22 59 2 33 0 0 0 0 0
0 0 0 0 0 0 0 0 5 97 100 100 100 81 73 78 84 100 100 100 100 100 100 100 100 100 100 100 100 100 100 100 100 80 100 100 100 100 100 100 100 100 100 100 100 100 100 100 100 100 100 100 100 100 100 100 100 100 100 100 100 100 100 100 100 100 100 100 100 100 100 100 68 74 89 99 100 100 100 100 100 100 50 44 38 48 66 83 17 0 5 45 28 0 0 18
0 0 0 0 0 0 0 0 0 11 47 68 71 17 0 9 4 83 100 77 18 62 92 100 100 100 100 100 100 100 100 100 100 100 100 100 100 100 100 100 100 100 100 100 100 100 100 100 100 100 100 100 100 100 100 100 100 100 100 100 100 100 100 100 100 100 100 98 100 100 100 100 100 77 63 100 100 100 100 100 100 93 50 35 41 90 73 47 44 22 0 0 50 29 14 94
0 0 0 0 0 0 0 0 0 0 0 0 0 0 3 16 36 58 63 100 85 72 63 59 93 100 100 100 100 100 100 100 100 100 100 100 100 100 100 100 100 100 100 100 100 100 100 100 100 100 100 100 100 100 100 100 100 100 100 100 100 100 100 100 100 100 100 93 80 100 100 100 100 100 100 100 100 100 100 100 100 72 90 74 76 46 16 38 40 4 0 22 69 100 100 80
0 0 0 0 0 0 0 0 0 0 0 0 0 0 4 11 46 2 3 82 52 63 80 100 57 99 100 100 100 100 100 100 100 100 100 100 100 100 100 100 100 100 100 100 100 100 100 100 87 100 100 100 100 100 100 100 100 100 89 51 38 48 82 97 98 100 100 92 86 99 100 100 100 100 100 100 100 100 100 100 100 100 40 67 88 59 38 65 89 25 70 98 87 52 28 1
0 0 0 0 0 0 0 0 0 0 0 0 0 0 1 11 37 0 30 36 0 0 3 52 100 100 100 100 100 100 100 100 100 100 100 100 100 100 100 100 100 100 100 100 100 100 100 95 40 77 94 100 100 100 100 100 100 100 80 40 0 0 1 61 65 73 91 98 49 44 92 100 100 100 100 100 100 100 100 100 100 100 53 29 74 100 100 100 100 96 79 99 29 0 0 0
0 0 0 0 0 0 0 0 0 0 0 0 0 0 5 69 9 0 58 11 0 0 0 21 91 100 100 100 100 100 100 100 100 100 100 100 100 100 100 100 100 100 100 99 59 53 59 60 69 71 92 100 100 100 100 100 100 100 97 11 0 0 0 0 22 33 41 98 35 28 68 100 100 100 100 100 100 100 100 100 100 100 93 26 16 20 22 14 16 9 0 81 4 0 0 0
0 0 0 0 0 0 0 0 0 0 0 0 0 0 4 86 12 72 27 0 0 0 18 21 52 88 83 100 100 100 100 100 100 100 100 100 100 100 100 100 100 100 100 63 0 0 0 0 0 0 75 100 100 100 100 100 100 100 92 0 0 0 0 0 25 27 19 93 39 33 87 100 100 100 100 100 100 100 100 100 100 100 100 97 15 18 10 0 3 31 67 55 0 0 0 1
0 0 0 0 0 0 0 0 0 0 0 0 0 0 54 92 90 28 0 0 0 6 24 0 5 89 11 61 100 100 100 100 100 100 100 100 100 100 100 100 100 100 100 44 0 0 6 36 31 66 100 100 100 100 100 100 100 100 100 71 6 3 0 0 0 14 68 75 100 84 79 74 72 100 100 100 100 100 100 100 100 100 100 100 80 1 8 14 31 31 44 38 7 17 2 14
0 0 0 0 0 0 0 0 0 0 0 0 0 12 53 44 53 0 0 0 0 25 0 0 13 68 0 22 96 100 100 100 100 100 100 100 100 100 100 100 100 100 100 65 14 67 91 100 100 100 100 100 100 100 100 100 100 100 100 100 94 96 66 42 31 15 66 88 88 78 100 88 95 100 100 100 100 100 100 100 100 100 100 100 100 64 22 10 3 12 37 58 61 41 41 44
0 0 0 0 0 0 0 0 0 0 0 0 0 0 37 55 2 16 19 19 20 20 0 0 42 48 0 5 96 100 100 85 99 100 100 100 100 100 100 100 100 100 100 100 100 100 100 100 100 100 100 100 100 100 100 100 100 100 100 100 100 100 100 100 100 100 90 100 65 96 100 99 100 100 100 100 100 100 100 100 100 100 100 100 100 98 45 37 1 17 14 0 9 16 59 40
0 0 0 0 0 0 0 0 0 21 18 17 7 4 22 74 50 8 0 0 0 0 0 16 88 21 41 79 99 100 67 0 30 100 46 30 100 100 100 100 100 100 100 100 100 100 100 100 100 100 100 100 100 100 100 100 100 100 100 100 100 100 100 100 100 100 100 100 100 98 99 100 100 100 100 100 100 100 100 100 100 100 100 100 100 100 98 37 6 39 0 0 0 0 0 2
0 0 0 0 0 0 0 0 0 0 4 24 32 7 0 56 85 38 4 0 0 0 0 8 98 90 100 100 100 85 11 0 10 100 61 0 63 100 100 100 100 100 100 100 100 100 100 100 100 100 100 100 100 100 100 100 100 100 100 100 100 100 100 100 100 100 100 100 100 100 100 100 100 100 100 100 100 100 100 100 100 100 100 100 100 100 100 51 37 21 44 0 0 0 0 0
0 0 0 0 0 0 0 0 0 0 0 3 12 0 0 0 23 74 92 19 0 0 0 35 99 100 100 100 100 36 0 0 29 100 97 25 70 100 100 100 100 100 100 100 100 100 100 100 100 100 100 100 100 100 100 100 100 100 100 100 100 100 100 100 100 100 100 100 100 100 100 100 100 100 100 100 100 100 100 100 100 100 100 100 100 100 100 100 81 28 100 85 38 37 42 8
0 0 0 0 0 0 0 0 0 0 0 0 0 0 0 0 0 31 100 97 79 93 90 100 100 100 100 97 53 4 2 49 96 100 100 99 100 100 100 100 100 100 100 100 100 100 100 100 100 100 100 100 100 100 100 100 100 100 100 100 100 100 100 100 100 100 100 100 100 100 100 100 100 100 100 100 100 100 100 100 100 100 100 100 100 100 100 100 100 100 100 100 100 100 100 76
0 0 0 0 0 0 0 0 0 0 0 0 0 0 0 17 62 100 100 100 100 100 100 100 100 100 86 43 1 27 83 100 67 26 64 100 100 100 100 100 100 100 100 100 100 100 100 100 100 100 100 100 100 100 100 100 100 100 100 100 100 100 100 100 100 100 100 100 100 100 100 100 100 100 100 100 100 100 100 100 100 100 100 100 100 100 100 100 100 100 100 100 100 100 100 100
0 0 0 0 0 0 0 0 0 0 0 0 0 0 45 100 100 100 100 100 100 100 100 85 49 25 1 17 83 100 93 30 0 0 0 70 100 88 91 99 100 100 100 100 100 100 100 100 100 100 100 79 65 94 98 99 100 100 100 100 100 100 100 100 100 100 100 100 100 100 100 100 100 100 100 100 100 100 100 100 100 100 100 100 100 100 100 100 100 100 100 100 100 100 100 100
