lus_demo/data/Current_situation/Thematic_maps/NatureLandscape/altitude.asc
ncols         540
nrows         650
xllcorner     10000
yllcorner     300000
cellsize      500
NODATA_value  -9999
[rows 360 to 399 of 650, columns 360 to 449 of 540]
232 294 359 372 305 191 144 125 110 114 115 115 111 106 105 104 102 100 101 104 103 93 89 89 93 92 92 94 96 95 95 95 94 90 91 93 96 98 102 105 105 105 103 103 103 106 105 109 122 124 134 129 128 123 120 118 122 129 134 144 150 157 167 172 170 169 169 173 173 175 178 178 180 182 189 188 187 185 186 185 185 186 187 187 187 191 193 198 200 201
153 197 278 269 228 158 123 113 109 110 108 105 104 106 112 100 96 96 97 97 93 90 88 88 90 90 93 92 95 97 98 95 92 91 91 94 98 98 101 102 102 102 105 106 106 106 107 108 108 112 127 137 130 126 126 125 122 130 139 145 151 156 162 165 171 171 171 173 173 174 176 178 179 180 182 184 185 191 191 188 187 187 189 190 194 199 204 200 201 198
126 151 192 168 136 111 106 109 109 109 104 111 114 109 103 93 91 91 91 91 91 90 92 92 91 89 91 89 92 95 94 94 93 93 95 96 99 101 107 106 105 105 106 105 108 108 108 107 110 113 118 128 146 127 130 137 127 137 136 142 149 155 160 165 168 171 174 173 172 174 174 177 178 179 181 181 182 186 188 191 193 191 194 197 205 204 197 195 195 196
112 117 127 126 112 104 111 127 120 109 109 105 108 104 95 90 89 89 89 90 92 90 90 90 89 90 93 92 92 93 95 93 96 95 101 108 107 112 117 116 115 109 110 111 109 108 109 112 109 112 114 118 130 130 137 135 127 132 140 144 150 154 160 165 164 168 173 173 171 174 176 176 178 178 179 182 183 185 184 186 188 196 195 201 202 193 193 194 194 196
106 106 106 109 106 113 132 136 136 111 108 101 98 95 91 90 89 89 91 92 91 90 90 90 91 92 92 93 92 94 94 94 96 97 101 118 114 122 125 129 125 121 123 119 114 110 110 112 113 112 116 118 122 126 130 133 135 134 143 151 153 154 162 164 163 167 169 171 173 174 177 176 177 180 180 182 185 184 184 184 186 190 195 202 198 192 193 195 194 194
105 104 105 104 105 112 116 117 111 106 100 98 95 92 91 90 90 92 93 92 91 91 92 92 94 96 95 92 92 95 97 96 98 100 101 108 111 116 123 133 134 135 132 126 122 118 113 113 114 116 116 114 116 120 128 132 133 133 135 138 143 148 159 164 163 165 166 170 172 174 177 178 176 179 181 183 183 182 184 184 185 187 193 202 208 197 193 193 194 194
99 100 102 102 106 110 111 111 103 102 99 96 95 94 93 94 93 94 94 93 93 93 93 94 95 96 96 96 95 97 98 99 101 104 105 110 117 120 123 127 130 136 140 134 126 122 118 117 116 119 119 120 120 124 128 132 136 130 128 132 140 147 154 159 164 165 166 168 173 174 179 181 179 178 181 183 181 185 184 186 186 189 194 196 202 206 196 193 194 195
99 99 99 100 103 110 117 113 110 103 99 96 95 95 96 99 99 96 95 95 94 93 94 94 95 96 96 99 98 100 101 108 113 110 114 115 117 124 127 129 132 133 138 136 135 130 124 121 119 120 118 125 123 124 123 127 143 134 136 142 137 144 151 154 160 164 165 168 170 172 176 184 183 181 182 187 183 186 186 186 187 189 192 195 196 205 205 199 194 195
98 101 99 98 103 111 113 112 113 105 100 98 97 97 97 97 100 98 96 96 96 95 96 96 97 97 98 98 101 104 110 121 122 122 127 123 122 122 126 128 132 134 135 133 133 130 130 126 124 123 121 122 125 122 120 119 133 139 136 157 149 141 148 152 156 159 162 166 168 170 175 180 180 181 183 185 188 189 189 186 186 188 191 195 195 197 201 205 201 199
93 95 95 97 101 105 109 116 114 107 103 102 100 98 97 100 102 99 98 98 96 96 97 97 98 98 98 99 102 106 109 120 125 128 132 137 133 129 132 131 135 135 136 140 139 136 134 131 129 126 125 124 130 134 125 117 124 146 142 141 160 142 144 150 153 157 160 167 166 170 173 176 177 177 177 181 186 184 189 188 187 190 191 193 195 199 199 202 205 211
89 91 93 96 98 101 108 112 117 110 106 103 103 101 100 101 100 98 97 99 98 98 98 98 99 101 100 100 104 114 116 117 121 126 128 132 136 135 139 139 139 140 144 148 150 146 145 134 135 131 130 126 127 128 127 118 120 129 140 138 146 143 144 147 152 157 159 160 164 169 171 173 174 177 180 181 182 183 188 187 190 193 193 193 195 200 203 205 207 209
89 89 92 95 99 105 121 111 119 112 105 102 103 105 103 101 101 99 100 101 100 100 101 103 103 107 102 102 102 107 112 120 128 134 135 139 138 140 144 144 145 143 149 154 155 152 146 137 138 136 133 128 128 130 123 120 120 121 125 140 138 149 159 151 151 154 158 160 164 166 167 170 172 174 182 181 180 182 185 188 188 190 190 194 197 201 205 213 210 210
87 90 93 96 99 102 105 111 115 114 107 105 107 108 105 104 103 103 105 105 103 102 102 105 110 107 103 102 102 108 121 126 128 134 134 133 138 142 144 145 147 147 150 155 162 168 171 161 148 142 137 132 132 133 122 126 125 127 126 124 131 140 163 166 148 154 156 161 160 165 166 168 172 174 181 181 181 181 184 186 186 187 188 193 196 202 211 217 215 214
88 90 94 99 102 104 104 106 108 119 113 109 109 109 107 107 107 107 108 106 104 105 105 108 117 112 106 108 104 107 112 120 126 131 129 132 136 140 147 148 148 151 158 178 195 235 311 306 191 156 142 137 134 131 124 131 129 132 132 127 128 139 157 157 146 149 156 159 162 165 168 169 171 175 180 179 181 182 184 186 185 186 188 194 195 202 207 216 215 218
88 90 94 99 103 104 106 109 109 116 119 111 112 112 110 111 112 112 112 110 106 109 109 110 115 114 109 108 106 106 108 117 124 130 131 135 140 146 150 153 153 159 184 217 260 371 576 540 294 173 150 144 133 126 126 128 134 131 135 134 132 129 134 138 141 146 154 156 162 167 165 167 169 174 175 175 177 182 181 184 185 187 189 196 200 208 206 209 234 222
90 91 92 99 102 104 105 107 109 109 114 119 112 113 112 112 108 109 112 113 111 111 111 110 111 112 113 111 110 108 108 114 119 126 130 136 143 145 151 155 157 174 210 287 432 620 730 648 437 190 158 144 131 133 136 130 126 130 130 135 142 130 133 138 140 153 149 152 157 162 166 166 168 170 173 173 178 179 180 183 187 192 193 197 196 197 200 203 214 223
89 90 92 94 98 99 101 105 105 107 113 122 121 118 117 113 109 111 105 113 111 112 113 114 114 111 115 117 115 113 113 114 116 125 134 139 140 147 150 153 163 194 238 433 667 752 670 499 486 240 161 143 133 133 136 132 133 131 128 132 132 133 132 133 137 145 149 153 163 157 161 164 165 168 172 175 176 177 179 182 184 189 190 191 194 198 199 204 212 218
91 90 92 93 95 97 98 100 102 104 113 116 120 114 113 118 121 122 116 113 111 113 116 112 115 117 120 119 118 117 117 118 119 122 130 139 147 151 152 157 174 212 299 529 616 606 599 451 331 226 168 143 135 132 136 137 132 132 131 131 136 139 138 132 136 136 138 154 169 158 156 159 162 167 171 170 174 175 176 178 181 185 187 189 194 199 200 206 214 217
93 92 92 93 93 94 95 96 98 101 106 111 118 117 113 113 116 119 124 116 113 118 119 118 116 119 118 117 119 120 118 123 124 128 138 145 155 155 154 161 181 225 421 612 649 527 392 332 323 271 171 143 137 136 139 137 134 138 135 135 137 138 143 137 140 138 136 148 151 151 154 158 160 163 167 171 171 173 174 177 178 181 187 190 195 198 201 209 218 219
93 93 92 92 94 94 94 96 96 99 103 107 108 109 112 114 112 110 115 119 111 115 111 114 119 114 115 119 121 120 120 123 138 132 144 -9999 158 157 156 162 182 256 528 577 462 357 300 330 371 300 180 147 140 140 138 140 138 134 134 137 138 139 140 139 143 146 141 139 146 148 152 156 158 162 165 166 168 171 174 177 179 181 187 191 194 199 202 206 215 221
97 95 95 96 94 93 95 96 98 100 102 105 106 107 109 111 112 111 117 118 117 116 118 121 120 119 113 120 123 125 121 123 -9999 -9999 -9999 -9999 -9999 -9999 162 170 204 310 557 518 307 276 330 429 453 357 181 151 142 142 139 138 138 135 133 137 139 139 139 138 144 152 146 142 154 149 150 153 158 158 162 165 168 172 174 174 176 180 186 193 198 198 202 208 213 223
99 97 97 97 96 94 94 96 99 102 103 105 106 107 109 110 113 115 115 118 118 117 116 117 117 118 120 121 123 120 125 -9999 -9999 -9999 -9999 -9999 -9999 -9999 -9999 196 256 446 623 441 256 238 313 449 526 413 221 154 143 141 140 141 139 138 138 139 139 139 142 145 142 154 150 147 149 146 147 151 156 158 159 162 168 169 171 172 178 182 185 194 197 197 203 206 217 224
99 98 98 101 100 96 95 97 101 102 103 105 106 109 115 114 116 119 120 117 121 119 118 118 117 118 120 125 123 120 126 124 122 -9999 -9999 -9999 -9999 -9999 -9999 -9999 403 522 560 357 242 222 296 379 407 313 195 155 145 142 141 144 142 143 141 140 140 145 144 146 147 143 144 145 150 147 144 147 151 154 158 160 164 167 169 173 175 180 187 193 195 197 204 213 216 215
110 99 96 98 102 101 99 99 101 104 105 107 110 111 112 120 125 121 118 113 109 112 116 121 123 124 125 125 125 123 125 127 121 128 -9999 -9999 -9999 -9999 -9999 443 453 574 561 306 213 199 245 298 353 271 174 151 144 143 143 144 142 146 144 140 140 143 142 143 146 145 141 144 152 152 150 147 149 152 156 160 164 165 170 173 173 179 186 189 197 200 202 203 207 -9999
102 101 104 112 118 107 101 100 102 104 106 109 112 117 124 131 134 128 124 120 119 119 120 121 125 119 127 121 127 128 129 131 125 125 -9999 -9999 -9999 -9999 -9999 -9999 350 364 303 219 176 208 242 236 257 206 156 145 144 144 144 143 143 143 141 141 141 142 142 144 143 147 143 145 158 150 151 158 151 151 154 158 160 164 169 175 172 176 185 187 191 192 195 197 -9999 -9999
102 108 111 109 104 108 104 102 104 106 104 108 116 135 132 117 119 126 133 122 130 134 133 120 114 111 119 120 128 126 130 131 133 124 119 -9999 -9999 -9999 -9999 -9999 -9999 239 184 159 149 160 157 145 163 141 136 141 144 144 142 141 142 141 141 141 142 142 143 146 152 153 148 145 153 152 151 157 155 153 156 158 159 162 165 171 173 176 186 188 189 191 -9999 -9999 -9999 -9999
114 121 109 113 104 105 107 106 107 98 110 117 122 120 118 109 113 117 123 125 125 127 124 115 114 120 138 123 127 131 129 131 134 128 126 -9999 -9999 -9999 -9999 -9999 -9999 -9999 153 139 139 137 140 135 148 132 135 135 -9999 -9999 141 141 142 142 142 142 142 143 145 154 155 151 152 146 146 -9999 -9999 151 156 159 160 160 160 160 164 169 172 176 182 188 180 -9999 -9999 -9999 -9999 -9999
103 118 108 103 106 110 111 113 111 96 107 120 117 116 108 110 110 116 117 118 126 134 125 126 127 137 148 127 129 129 130 136 136 125 126 132 -9999 -9999 -9999 -9999 -9999 -9999 -9999 -9999 -9999 -9999 -9999 -9999 -9999 -9999 -9999 -9999 -9999 -9999 -9999 143 143 143 143 143 142 143 145 152 153 149 148 149 -9999 -9999 -9999 -9999 -9999 160 164 161 164 159 163 168 173 181 184 189 -9999 -9999 -9999 -9999 -9999 -9999
97 99 103 98 104 119 114 121 118 109 114 118 117 111 107 113 112 114 113 115 118 119 120 125 129 133 137 131 134 129 133 130 125 116 121 128 125 125 -9999 -9999 -9999 -9999 -9999 -9999 -9999 -9999 -9999 -9999 -9999 -9999 -9999 -9999 -9999 -9999 -9999 145 143 145 144 144 143 143 145 146 148 148 148 153 155 -9999 -9999 -9999 -9999 157 157 -9999 -9999 162 164 169 174 179 183 -9999 -9999 -9999 -9999 -9999 -9999 -9999
96 100 103 104 107 105 103 118 122 133 127 115 116 107 109 110 111 112 113 114 116 119 123 -9999 -9999 124 136 144 139 136 138 130 127 121 127 125 127 136 -9999 -9999 -9999 -9999 -9999 -9999 -9999 -9999 -9999 -9999 -9999 -9999 -9999 -9999 -9999 -9999 -9999 -9999 144 147 144 145 145 145 146 147 147 147 150 156 152 150 159 -9999 -9999 -9999 -9999 -9999 -9999 -9999 165 169 -9999 -9999 -9999 -9999 -9999 -9999 -9999 -9999 -9999 -9999
101 102 101 103 106 104 102 98 110 122 113 110 109 107 108 110 110 110 113 113 114 117 -9999 -9999 -9999 -9999 132 136 141 139 133 138 134 132 137 138 125 137 -9999 -9999 -9999 -9999 -9999 -9999 -9999 -9999 -9999 -9999 -9999 -9999 -9999 -9999 -9999 -9999 -9999 -9999 144 140 140 144 143 142 140 144 147 149 152 155 154 160 164 -9999 -9999 -9999 -9999 -9999 -9999 -9999 -9999 -9999 -9999 -9999 -9999 -9999 -9999 -9999 -9999 -9999 -9999 -9999
101 99 99 100 103 104 99 101 99 114 108 104 106 110 109 110 109 111 111 113 115 116 -9999 -9999 -9999 -9999 -9999 -9999 135 132 134 142 133 125 123 133 134 131 -9999 -9999 -9999 -9999 -9999 -9999 -9999 -9999 -9999 -9999 -9999 -9999 -9999 -9999 -9999 -9999 -9999 -9999 -9999 -9999 -9999 -9999 -9999 -9999 -9999 134 145 151 153 157 153 159 183 -9999 -9999 -9999 -9999 -9999 -9999 -9999 -9999 -9999 -9999 -9999 -9999 -9999 -9999 -9999 -9999 -9999 -9999 -9999
98 98 99 101 102 104 108 105 98 106 110 105 107 108 109 109 110 110 112 113 -9999 -9999 -9999 -9999 -9999 -9999 -9999 -9999 -9999 -9999 -9999 -9999 -9999 -9999 -9999 118 118 119 -9999 -9999 -9999 -9999 -9999 -9999 -9999 -9999 -9999 -9999 -9999 -9999 -9999 -9999 -9999 -9999 -9999 -9999 -9999 -9999 -9999 -9999 -9999 -9999 -9999 -9999 139 151 153 159 161 162 165 -9999 -9999 -9999 -9999 -9999 -9999 -9999 -9999 -9999 -9999 -9999 -9999 -9999 -9999 -9999 -9999 -9999 -9999 -9999
192 102 97 103 100 101 105 108 105 108 112 107 108 110 110 107 108 -9999 -9999 -9999 -9999 -9999 -9999 -9999 -9999 -9999 -9999 -9999 -9999 -9999 -9999 -9999 -9999 -9999 -9999 -9999 -9999 -9999 -9999 -9999 -9999 -9999 -9999 -9999 -9999 -9999 -9999 -9999 -9999 -9999 -9999 -9999 -9999 -9999 -9999 -9999 -9999 -9999 -9999 -9999 -9999 -9999 -9999 -9999 139 150 153 158 164 157 157 -9999 -9999 -9999 -9999 -9999 -9999 -9999 -9999 -9999 -9999 -9999 -9999 -9999 -9999 -9999 -9999 -9999 -9999 -9999
521 303 135 100 99 100 101 104 105 106 105 108 107 108 106 105 106 -9999 -9999 -9999 -9999 -9999 -9999 -9999 -9999 -9999 -9999 -9999 -9999 -9999 -9999 -9999 -9999 -9999 -9999 -9999 -9999 -9999 -9999 -9999 -9999 -9999 -9999 -9999 -9999 -9999 -9999 -9999 -9999 -9999 -9999 -9999 -9999 -9999 -9999 -9999 -9999 -9999 -9999 -9999 -9999 -9999 -9999 -9999 136 142 -9999 147 151 158 161 -9999 -9999 -9999 -9999 -9999 -9999 -9999 -9999 -9999 -9999 -9999 -9999 -9999 -9999 -9999 -9999 -9999 -9999 -9999
677 690 450 225 158 107 103 104 105 -9999 -9999 105 106 107 103 -9999 -9999 -9999 -9999 -9999 -9999 -9999 -9999 -9999 -9999 -9999 -9999 -9999 -9999 -9999 -9999 -9999 -9999 -9999 -9999 -9999 -9999 -9999 -9999 -9999 -9999 -9999 -9999 -9999 -9999 -9999 -9999 -9999 -9999 -9999 -9999 -9999 -9999 -9999 -9999 -9999 -9999 -9999 -9999 -9999 -9999 -9999 -9999 -9999 -9999 -9999 -9999 -9999 -9999 153 165 -9999 -9999 -9999 -9999 -9999 -9999 -9999 -9999 -9999 -9999 -9999 -9999 -9999 -9999 -9999 -9999 -9999 -9999 -9999
712 780 770 545 352 244 129 105 -9999 -9999 -9999 -9999 -9999 -9999 -9999 -9999 -9999 -9999 -9999 -9999 -9999 -9999 -9999 -9999 -9999 -9999 -9999 -9999 -9999 -9999 -9999 -9999 -9999 -9999 -9999 -9999 -9999 -9999 -9999 -9999 -9999 -9999 -9999 -9999 -9999 -9999 -9999 -9999 -9999 -9999 -9999 -9999 -9999 -9999 -9999 -9999 -9999 -9999 -9999 -9999 -9999 -9999 -9999 -9999 -9999 -9999 -9999 -9999 -9999 -9999 -9999 -9999 -9999 -9999 -9999 -9999 -9999 -9999 -9999 -9999 -9999 -9999 -9999 -9999 -9999 -9999 -9999 -9999 -9999 -9999
707 796 842 815 659 512 432 551 -9999 -9999 -9999 -9999 -9999 -9999 -9999 -9999 -9999 -9999 -9999 -9999 -9999 -9999 -9999 -9999 -9999 -9999 -9999 -9999 -9999 -9999 -9999 -9999 -9999 -9999 -9999 -9999 -9999 -9999 -9999 -9999 -9999 -9999 -9999 -9999 -9999 -9999 -9999 -9999 -9999 -9999 -9999 -9999 -9999 -9999 -9999 -9999 -9999 -9999 -9999 -9999 -9999 -9999 -9999 -9999 -9999 -9999 -9999 -9999 -9999 -9999 -9999 -9999 -9999 -9999 -9999 -9999 -9999 -9999 -9999 -9999 -9999 -9999 -9999 -9999 -9999 -9999 -9999 -9999 -9999 -9999
692 699 752 858 818 625 598 497 367 -9999 -9999 -9999 -9999 -9999 -9999 -9999 -9999 -9999 -9999 -9999 -9999 -9999 -9999 -9999 -9999 -9999 -9999 -9999 -9999 -9999 -9999 -9999 -9999 -9999 -9999 -9999 -9999 -9999 -9999 -9999 -9999 -9999 -9999 -9999 -9999 -9999 -9999 -9999 -9999 -9999 -9999 -9999 -9999 -9999 -9999 -9999 -9999 -9999 -9999 -9999 -9999 -9999 -9999 -9999 -9999 -9999 -9999 -9999 -9999 -9999 -9999 -9999 -9999 -9999 -9999 -9999 -9999 -9999 -9999 -9999 -9999 -9999 -9999 -9999 -9999 -9999 -9999 -9999 -9999 -9999
552 650 736 829 810 630 485 430 -9999 -9999 -9999 -9999 -9999 -9999 -9999 -9999 -9999 -9999 -9999 -9999 -9999 -9999 -9999 -9999 -9999 -9999 -9999 -9999 -9999 -9999 -9999 -9999 -9999 -9999 -9999 -9999 -9999 -9999 -9999 -9999 -9999 -9999 -9999 -9999 -9999 -9999 -9999 -9999 -9999 -9999 -9999 -9999 -9999 -9999 -9999 -9999 -9999 -9999 -9999 -9999 -9999 -9999 -9999 -9999 -9999 -9999 -9999 -9999 -9999 -9999 -9999 -9999 -9999 -9999 -9999 -9999 -9999 -9999 -9999 -9999 -9999 -9999 -9999 -9999 -9999 -9999 -9999 -9999 -9999 -9999
