lus_demo/data/Current_situation/Thematic_maps/NatureLandscape/altitude.asc
ncols         540
nrows         650
xllcorner     10000
yllcorner     300000
cellsize      500
NODATA_value  -9999
[rows 400 to 439 of 650, columns 180 to 269 of 540]
5 -2 20 27 1 -3 1 8 3 0 -1 0 7 1 -6 -5 -2 -1 -2 -1 2 7 10 15 7 6 9 12 11 8 6 8 10 11 12 13 13 16 19 19 15 11 4 1 -2 -3 -3 -1 -1 1 1 3 4 5 3 1 3 5 19 26 15 12 13 15 16 11 10 11 11 10 11 13 18 22 28 25 21 21 20 22 26 21 25 48 38 41 41 37 31 33
12 1 4 7 0 5 12 16 5 1 0 -1 -1 -6 -9 -9 -5 -4 -6 -5 0 5 5 7 6 8 10 13 10 8 8 9 11 10 11 12 15 15 18 13 11 12 7 2 2 0 0 1 -1 0 0 1 3 2 3 2 4 7 8 20 21 14 13 11 13 10 9 12 10 10 10 11 15 16 16 19 17 19 18 18 19 20 24 30 33 35 28 26 28 28
-1 -1 -2 0 2 4 7 9 1 0 0 -2 -3 -4 -7 -6 -5 -5 -4 -3 -1 -1 1 3 6 8 10 13 10 8 8 10 10 10 11 10 15 14 13 10 11 10 10 3 1 1 1 2 0 -4 -2 0 1 1 3 3 1 2 5 9 17 20 24 17 13 10 10 12 11 10 11 12 13 16 17 16 16 17 18 19 20 20 21 24 24 23 23 24 24 27
-6 -4 -3 -1 1 -3 -3 -2 -5 -5 -4 -2 -2 -1 -2 -1 -4 -6 -5 -4 -3 -4 -3 4 7 11 10 9 7 4 6 9 10 9 9 8 8 10 9 9 10 9 10 9 3 0 0 1 3 -2 -3 -4 -2 0 -2 -3 -2 0 5 9 11 16 28 27 13 10 11 11 11 12 13 19 16 15 14 13 13 15 17 19 18 16 16 15 17 18 21 21 21 22
-7 -7 -5 -3 1 -1 -3 -5 -7 -5 -6 -4 -3 -4 -2 -1 -4 -5 -4 -4 -3 -3 -2 7 8 7 5 4 6 8 7 9 9 5 7 7 7 8 7 8 7 8 8 11 4 0 0 0 2 6 3 -4 -5 -4 -3 -3 0 3 7 9 9 11 19 29 18 13 13 14 13 16 21 20 20 14 13 12 12 13 13 14 15 14 13 15 16 18 19 21 22 21
-5 -6 -7 -5 -1 0 -4 -2 -4 -2 -4 -3 -3 -4 -4 -2 0 -1 -3 -2 -1 0 7 13 8 5 5 5 6 8 8 9 7 5 8 7 8 8 7 7 6 8 7 9 4 1 0 0 -2 2 6 3 -2 -4 -3 0 4 10 9 6 5 6 8 16 26 22 18 19 24 27 24 19 19 21 15 15 15 14 14 14 14 14 15 16 17 17 19 20 28 28
-7 -7 -5 -2 -2 -3 -6 -3 -4 -4 -3 -5 -6 -6 -5 -3 0 1 3 4 4 8 9 9 6 5 4 5 6 8 8 8 8 7 6 5 6 8 7 9 7 4 3 8 5 1 0 0 -1 -2 2 6 6 0 3 7 7 10 6 2 2 2 2 6 12 24 25 28 25 22 20 19 27 32 19 17 17 15 16 16 16 15 16 16 18 19 20 22 24 25
-7 -7 -7 -5 -3 -3 -4 -3 -5 -4 -3 -5 -5 -4 -1 0 2 4 4 7 6 9 9 7 6 3 4 7 7 5 8 8 8 7 6 7 7 9 7 8 7 4 5 6 7 1 0 0 0 0 -1 0 7 7 4 0 0 2 0 0 0 0 1 1 7 12 15 17 11 11 12 16 17 23 24 21 14 13 14 15 18 19 18 17 19 20 22 22 22 23
-7 -8 -8 -5 -5 0 0 -3 -3 -3 -3 -1 -1 1 2 3 4 4 6 6 6 8 7 4 5 5 7 7 4 7 7 8 8 8 8 8 9 10 8 8 5 6 8 5 3 1 2 0 0 1 2 3 3 5 0 -4 -3 -3 -3 -2 -1 0 2 3 5 8 10 8 7 9 9 13 19 24 27 25 16 13 14 14 17 20 19 19 20 22 23 22 22 23
-8 -8 -9 -7 -7 -3 -6 -6 -2 0 1 1 1 2 4 5 5 6 7 7 8 10 8 4 6 9 10 8 5 7 7 7 6 8 7 6 6 10 8 6 6 8 7 4 5 6 3 0 0 1 3 0 -3 -3 -5 -5 -5 -5 -5 -5 -2 0 2 4 3 6 9 8 9 9 11 15 16 21 28 29 21 14 15 14 16 19 22 21 21 22 22 22 20 21
-7 -7 -7 -6 -4 -4 -6 -2 -1 0 2 2 4 2 5 5 5 6 7 8 10 8 8 2 4 4 8 4 3 6 6 6 6 7 7 6 8 9 6 5 7 7 6 5 6 5 1 0 0 0 2 -1 -5 -6 -6 -6 -5 -6 -6 -6 -2 -1 0 2 2 3 7 9 8 11 12 12 13 17 26 23 18 17 18 24 24 24 19 17 18 20 22 21 20 22
-6 -6 -4 -4 -2 -2 0 0 0 2 3 5 9 6 6 6 6 7 7 9 9 10 5 6 7 1 5 5 6 6 5 8 9 8 8 8 9 6 5 6 8 4 5 4 3 3 2 0 1 2 2 -3 -5 -5 -5 -6 -5 -5 -5 -5 -3 -1 0 3 3 4 8 10 10 13 13 14 14 18 22 21 24 24 27 37 37 25 23 19 21 21 20 23 23 23
-4 -4 -2 -1 0 1 0 2 3 4 9 8 9 9 4 5 6 6 7 10 8 9 6 11 12 -9999 9 12 9 10 9 13 10 7 9 9 7 6 7 8 6 3 3 2 0 3 3 2 2 2 1 -4 -5 -5 -5 -5 -2 -1 -1 -1 -1 0 5 6 6 6 7 10 10 12 12 10 11 13 18 27 26 31 31 29 30 33 28 23 23 23 24 27 24 25
-1 -4 -2 0 0 6 8 5 4 6 12 -9999 12 7 5 6 5 4 4 6 6 3 -9999 12 2 -9999 11 11 8 9 9 11 7 5 6 8 9 6 6 7 7 3 4 3 2 3 4 3 2 1 0 -4 -4 -4 -4 -1 1 2 2 3 1 4 5 5 5 6 6 9 12 12 11 12 13 15 19 24 29 33 29 28 25 33 30 25 23 26 25 28 27 28
-1 -2 -1 -1 -1 8 8 6 6 4 -9999 13 12 11 7 6 5 8 9 6 7 6 -9999 -9999 -9999 -9999 12 9 10 9 9 7 7 5 5 8 6 6 6 5 8 5 5 2 2 3 3 4 4 5 2 -1 -2 -2 -1 1 3 4 4 6 5 5 2 1 4 7 7 10 11 11 11 13 14 14 20 22 32 26 25 24 22 28 30 26 26 25 29 27 28 28
-1 -1 -1 -2 1 7 6 4 5 -9999 -9999 14 14 12 7 -9999 -9999 12 12 11 10 -9999 -9999 -9999 -9999 -9999 7 8 12 11 6 5 5 5 5 10 8 5 4 4 9 7 5 5 6 6 6 6 3 2 1 1 1 1 1 1 1 1 0 3 5 3 1 1 4 6 9 10 11 12 11 10 11 30 29 30 31 24 22 22 23 25 28 26 30 34 36 36 31 31
-1 -1 0 0 4 6 8 5 -9999 -9999 -9999 -9999 15 12 9 -9999 -9999 10 11 10 -9999 8 5 -9999 -9999 -9999 7 7 7 12 8 5 6 5 5 10 8 4 5 7 5 3 3 3 2 2 4 4 4 4 1 3 6 5 2 0 0 1 1 0 3 5 5 5 6 8 11 11 12 11 12 13 18 24 27 37 27 19 19 18 20 23 27 28 29 31 32 34 38 36
0 0 -1 3 10 14 9 9 -9999 -9999 -9999 -9999 -9999 -9999 -9999 -9999 -9999 -9999 -9999 -9999 7 5 5 -1 -9999 -9999 9 9 9 11 6 3 4 5 5 9 12 7 7 6 4 3 3 4 3 4 3 4 3 4 4 3 2 3 5 2 3 5 4 4 5 5 5 9 9 9 10 10 11 10 12 14 17 19 22 44 24 19 21 20 19 21 22 24 26 27 25 26 26 32
0 1 3 6 14 15 8 3 -9999 -9999 -9999 -9999 -9999 -9999 -9999 -9999 -9999 -9999 -9999 -9999 5 0 -9999 0 3 2 7 8 4 2 -9999 -9999 2 7 10 6 5 2 4 4 3 3 1 2 3 6 7 12 13 11 10 7 1 1 4 5 3 5 6 6 5 5 7 9 9 8 11 10 11 12 11 11 15 16 16 18 16 19 16 15 18 21 18 27 22 22 21 22 22 26
-1 4 4 6 18 19 10 -9999 -9999 -9999 -9999 -9999 -9999 -9999 -9999 -9999 -9999 -9999 -9999 -9999 7 6 -9999 -9999 -9999 11 11 10 10 13 10 -9999 12 10 9 8 3 4 5 4 4 5 5 7 8 19 19 16 15 14 14 14 12 7 4 1 2 3 4 6 8 8 8 8 8 8 10 10 15 13 10 12 9 9 11 12 16 18 15 10 13 17 19 28 18 19 20 19 21 24
5 6 5 -9999 -9999 -9999 -9999 -9999 -9999 -9999 -9999 -9999 -8 -1 2 0 -8 -8 -9 -3 5 7 5 2 -9999 -9999 10 8 7 10 8 11 13 11 9 9 7 4 4 6 5 10 12 10 17 11 9 8 8 7 8 6 7 11 10 8 10 4 4 8 8 9 8 9 8 11 13 14 12 11 7 7 7 6 6 7 10 10 10 9 11 14 14 17 18 18 18 19 21 26
0 -9999 -9999 -9999 -9999 -9999 -9999 -4 -2 -4 -8 -9 -9 -4 0 0 -3 -7 -7 -5 0 5 6 4 4 3 3 7 5 8 6 9 9 11 8 8 6 4 6 6 7 7 13 15 40 22 8 8 8 8 8 7 7 10 11 12 18 16 11 10 10 11 9 14 15 11 11 7 7 7 6 5 5 5 5 6 7 7 9 10 12 15 15 16 18 21 19 20 23 27
-9999 -9999 -9999 -2 -4 -4 -3 -4 -3 -3 -6 -5 -6 -5 -3 0 0 -3 -7 -3 0 1 5 5 4 9 6 4 0 13 5 0 1 1 7 7 3 7 7 9 9 10 10 10 11 11 12 10 11 11 11 11 12 15 12 9 10 10 11 10 13 13 13 14 12 8 8 8 7 6 9 7 6 6 7 7 8 10 11 11 12 16 19 19 20 20 21 23 25 28
-9999 -9999 -9999 -2 -3 -3 -3 -4 -5 -4 -3 -2 -1 -3 -4 -2 -1 -2 -8 -7 -1 0 4 3 2 1 0 -2 0 1 1 1 3 5 6 8 5 15 10 8 10 8 7 8 8 9 9 10 12 12 14 13 10 10 11 8 8 8 8 8 11 9 7 9 10 8 8 9 9 9 10 9 9 8 9 10 12 14 16 17 17 18 19 21 21 22 24 24 26 26
-9999 -9999 4 0 0 -3 -4 -4 -5 -6 -5 -1 -1 0 -2 -2 -2 -3 -6 -7 0 2 1 0 -2 0 0 0 0 1 1 0 4 12 4 5 4 32 24 10 8 6 7 6 6 6 5 6 9 10 9 11 9 8 10 8 7 8 9 9 12 9 8 8 9 8 8 9 9 11 13 14 11 11 12 14 16 18 19 22 21 22 22 21 23 24 26 27 28 25
4 7 9 7 -1 -5 -4 -3 -3 -4 -4 -2 -2 -1 0 -1 -3 -5 -5 -2 -3 -5 -4 -4 -1 0 0 1 2 1 3 4 4 2 3 7 7 18 9 9 9 7 6 7 6 5 4 4 6 7 6 10 7 6 13 8 4 5 9 8 9 8 8 8 8 8 8 10 10 16 16 16 15 16 16 17 19 21 23 26 25 26 26 26 27 29 31 34 29 27
10 14 12 1 -3 -6 -7 -5 -4 -3 -1 -1 -2 0 0 0 -3 -5 -6 -5 -2 -3 -6 -3 0 1 3 4 7 7 6 5 3 3 6 11 10 9 5 12 9 7 8 7 5 2 2 3 4 4 3 6 4 5 9 3 1 0 5 6 8 7 12 13 9 10 12 13 14 16 19 22 21 22 22 23 23 25 29 31 31 29 32 33 34 34 35 31 25 24
-4 -4 1 7 -1 -4 -4 -4 -1 -1 0 0 0 0 1 0 -3 -6 -9 -8 -5 -2 -5 -1 2 6 8 12 16 13 5 5 4 5 9 10 6 4 4 9 5 6 5 8 8 8 8 5 3 2 -1 0 0 1 2 -2 0 2 6 5 7 8 8 12 12 13 17 19 19 23 25 27 26 25 25 26 27 28 29 33 35 34 32 35 35 35 29 24 23 23
-9 -9 -1 15 0 -1 -2 -1 -1 0 0 0 0 0 2 1 -1 -4 -8 -7 -7 -4 -4 0 4 11 16 18 17 16 10 5 7 8 17 22 9 7 9 7 7 7 5 3 2 5 4 9 7 4 1 2 1 2 4 1 5 9 9 7 9 10 11 13 15 18 21 25 26 30 31 30 29 28 29 30 30 28 26 27 31 29 25 26 25 24 23 24 24 24
-10 -7 -1 4 0 0 0 1 0 1 1 1 3 3 2 1 1 -2 -6 -6 -5 -3 0 2 10 16 19 18 19 16 9 5 10 8 9 7 6 5 5 4 6 5 4 3 2 0 0 3 6 6 8 8 8 9 8 11 11 12 10 10 13 13 14 17 20 23 25 29 33 36 36 30 32 37 37 37 38 36 28 26 29 32 32 29 27 25 25 25 26 27
-4 -2 2 3 0 -1 0 2 0 1 1 2 4 3 2 1 1 0 -2 -3 -2 1 6 5 10 15 15 14 13 10 6 10 12 7 5 6 4 2 3 3 5 4 1 0 0 0 5 3 2 4 10 11 10 11 12 15 16 17 17 18 19 21 22 27 29 31 32 36 39 41 39 33 33 35 36 35 35 32 33 32 33 35 38 37 33 31 29 29 30 31
2 5 2 -1 0 0 0 0 0 0 0 2 2 1 1 1 1 0 1 3 4 4 7 8 8 11 12 14 12 11 11 9 7 6 5 5 4 3 1 2 5 5 3 -1 -1 0 2 2 1 2 3 5 7 7 9 11 14 17 20 23 27 31 32 37 39 40 43 44 43 41 42 42 43 42 42 43 43 41 41 42 41 40 40 39 40 37 36 37 38 37
1 -1 0 -1 0 0 0 1 0 0 1 1 1 2 3 4 3 3 3 4 8 5 7 9 4 7 10 15 12 16 19 13 10 8 8 9 4 3 4 4 4 6 4 0 1 2 3 6 4 5 6 4 5 9 11 12 15 21 25 31 38 39 41 44 46 50 52 51 52 51 51 53 53 53 52 51 49 49 49 49 47 46 45 44 43 46 46 45 46 46
-1 -2 -3 0 0 0 0 0 0 0 0 0 2 2 1 2 2 3 3 4 3 2 3 2 0 0 5 15 20 26 26 21 16 12 12 14 8 6 5 6 5 6 5 4 6 7 7 12 9 10 9 8 8 9 12 16 19 26 31 42 49 46 51 57 61 60 63 64 62 65 66 71 67 64 63 63 56 59 57 54 51 51 54 53 53 54 56 54 55 55
0 -2 -3 0 1 1 0 0 0 0 0 2 5 1 3 1 2 3 2 -1 -1 0 -5 -7 -11 -8 2 19 27 39 38 30 23 19 17 19 15 15 11 8 9 8 7 7 10 12 12 15 11 11 12 11 12 12 14 16 21 30 40 48 55 51 62 75 77 79 93 89 93 71 85 93 85 88 103 87 76 80 78 76 68 62 63 59 62 65 66 61 59 61
0 3 3 1 1 0 0 0 0 0 0 1 2 2 3 3 2 2 1 -1 -4 0 -2 -8 -10 -8 0 10 18 27 45 45 32 30 25 24 23 25 26 20 13 13 13 14 17 16 19 16 15 13 14 14 17 15 16 20 26 34 43 52 60 59 73 82 96 93 89 90 83 77 92 96 103 94 119 133 123 130 107 86 79 71 64 60 63 63 67 60 57 57
1 3 3 0 0 0 -1 -2 -1 0 3 4 2 1 3 2 2 3 3 5 2 5 3 0 -2 -1 1 11 20 27 40 48 44 42 39 37 33 35 37 29 22 21 21 21 20 20 22 19 20 19 18 18 19 23 25 26 31 35 46 54 59 69 81 85 99 98 97 93 88 84 92 99 100 103 121 122 93 104 89 76 67 65 64 63 67 71 66 61 45 45
0 -1 -2 -2 -2 -3 -2 -1 0 2 5 2 3 6 7 6 5 4 5 5 7 16 11 6 2 2 13 19 23 31 47 51 47 45 47 47 47 49 50 40 32 29 28 25 24 24 24 23 23 23 23 23 23 26 28 31 37 44 51 54 58 69 80 91 100 109 118 106 99 91 97 97 98 103 108 112 91 93 81 73 68 70 70 72 74 64 57 61 52 43
0 -4 -4 -2 -3 -3 -1 0 1 5 2 0 4 4 7 4 5 3 5 4 4 8 7 12 11 9 15 20 26 33 45 47 50 57 55 57 55 57 57 51 43 37 34 33 32 30 29 28 28 28 27 27 28 29 33 38 43 49 54 59 64 70 81 92 99 105 109 111 107 99 102 106 98 97 89 82 79 80 77 76 71 72 75 76 72 61 55 59 66 47
0 0 3 2 0 1 8 4 3 4 7 4 2 1 5 6 9 10 8 5 5 5 4 5 8 11 6 6 21 33 42 46 49 56 63 64 60 62 60 59 57 50 44 43 40 38 35 34 35 35 33 33 31 31 33 39 43 49 58 65 72 78 82 90 100 104 113 115 116 111 103 95 89 79 74 72 73 75 74 70 70 71 76 77 77 62 59 62 72 57
