lus_demo/data/Current_situation/Thematic_maps/NatureLandscape/altitude.asc
ncols         540
nrows         650
xllcorner     10000
yllcorner     300000
cellsize      500
NODATA_value  -9999
[rows 280 to 319 of 650, columns 270 to 359 of 540]
-4 -5 -5 -6 -7 -8 -9 -9 -9 -7 -7 -8 -9 -8 -8 -8 -7 -7 -6 -6 -5 -5 -5 -4 -4 -3 -3 -2 -2 -1 -1 -1 0 0 0 0 0 0 0 0 0 -9999 -9999 -9999 -9999 -9999 -9999 -9999 -9999 -9999 16 18 23 28 37 42 52 58 55 61 62 61 60 65 73 75 79 90 92 134 158 158 171 199 214 174 173 175 173 165 184 194 203 232 234 249 255 268 282 281
-3 -4 -5 -6 -7 -7 -7 -7 -7 -6 -6 -7 -8 -7 -7 -7 -6 -6 -5 -5 -4 -4 -3 -3 -3 -2 -2 -1 -1 0 0 0 0 0 0 0 1 1 1 1 1 -9999 -9999 -9999 -9999 -9999 -9999 -9999 -9999 11 15 21 28 37 45 47 54 61 63 65 68 73 74 76 83 83 101 113 127 150 174 170 191 221 210 187 174 173 179 173 198 205 222 238 239 255 270 302 312 309
-2 -3 -4 -5 -6 -6 -6 -6 -5 -5 -6 -7 -7 -6 -6 -5 -5 -5 -4 -4 -3 -3 -2 -2 -2 -1 -1 0 0 0 0 0 0 0 1 1 2 2 3 3 2 3 -9999 -9999 -9999 -9999 -9999 -9999 -9999 16 20 28 38 48 52 53 68 73 80 82 78 87 87 88 96 94 109 125 156 176 209 208 218 243 219 216 203 189 186 191 214 225 239 252 263 269 278 311 312 289
-2 -3 -4 -5 -5 -5 -5 -5 -4 -4 -5 -6 -6 -5 -5 -4 -4 -3 -3 -3 -2 -2 -1 -1 0 0 0 0 0 0 0 1 1 1 2 2 3 3 4 4 4 5 -9999 -9999 -9999 -9999 -9999 -9999 12 17 27 37 48 61 72 83 114 102 85 84 85 112 107 106 111 124 122 149 206 231 232 254 289 315 256 243 253 225 208 215 228 255 280 270 286 302 318 340 307 287
-1 -2 -3 -4 -4 -4 -4 -3 -3 -4 -5 -5 -5 -4 -4 -3 -3 -2 -2 -2 -1 -1 0 0 0 0 0 0 0 1 1 2 2 3 3 3 4 4 5 5 5 6 7 -9999 -9999 -9999 11 11 18 24 34 45 54 69 91 114 114 116 118 103 105 113 114 122 125 149 157 178 233 246 255 272 312 332 276 265 276 275 243 245 273 299 306 296 312 339 364 362 312 302
-2 -2 -3 -3 -3 -3 -3 -2 -2 -3 -4 -4 -4 -3 -3 -2 -2 -1 -1 0 0 0 0 0 0 0 1 1 1 2 2 3 3 4 4 4 5 5 6 6 7 7 8 -9999 -9999 22 14 17 26 36 43 53 69 78 100 118 116 146 138 127 125 124 130 138 139 149 191 238 268 269 286 305 337 356 312 323 329 288 293 326 358 394 391 366 354 384 414 360 302 282
-9999 -9999 -9999 -2 -2 -2 -1 -1 -2 -3 -3 -3 -2 -2 -2 -1 -1 0 0 0 0 0 0 0 1 1 2 2 2 3 3 4 4 5 5 6 6 6 7 7 8 8 8 -9999 14 21 31 34 38 45 54 67 77 84 107 136 140 148 143 139 137 133 138 151 153 150 201 250 264 279 305 322 347 364 323 328 335 317 347 386 452 520 517 452 392 418 435 340 290 278
-9999 -9999 -9999 -9999 -9999 -1 0 0 -1 -2 -2 -2 -1 -1 -1 0 0 0 0 0 0 1 1 1 2 2 3 3 4 4 4 5 5 6 6 7 7 7 8 8 9 9 9 -9999 21 25 46 52 55 62 68 82 91 103 109 149 160 162 153 136 130 133 131 151 146 159 174 202 215 251 286 304 321 329 309 323 335 342 375 416 488 577 605 516 466 469 443 352 303 292
0 0 -9999 -9999 -9999 -9999 0 0 -1 -2 -1 -1 0 0 0 0 0 0 0 1 1 2 2 2 3 3 4 4 5 5 5 6 6 7 7 7 8 8 8 9 10 10 10 13 23 33 43 56 67 78 87 99 109 118 124 153 186 188 175 167 157 155 153 169 153 156 177 187 197 211 239 247 284 290 298 324 332 356 400 454 517 593 603 548 534 557 485 389 340 300
3 0 -9999 -9999 -9999 -9999 -9999 -9999 -1 -1 0 0 0 0 0 0 0 1 1 2 2 3 3 4 4 4 5 5 5 6 6 6 6 6 7 7 7 8 10 11 11 10 -9999 15 19 27 43 59 70 88 99 109 128 154 174 192 223 226 211 201 185 179 163 172 169 161 176 189 196 201 215 228 249 271 284 316 352 390 439 475 503 526 537 547 573 614 520 445 355 308
11 4 3 3 2 -9999 -9999 -9999 -9999 0 0 0 0 0 1 1 2 2 2 3 3 3 4 4 4 4 4 5 5 5 5 5 5 5 7 8 9 11 12 12 11 11 7 14 25 36 46 60 73 93 104 118 146 176 202 224 249 266 276 273 224 213 216 186 178 162 162 178 188 197 215 225 249 272 283 314 353 388 419 441 490 519 522 534 564 585 535 483 402 359
16 6 3 3 2 3 -9999 -9999 -9999 -9999 0 0 1 1 1 2 2 2 2 2 3 3 3 3 3 3 3 4 4 4 4 5 6 8 9 11 12 13 13 12 11 10 7 11 21 34 51 67 83 97 107 121 139 162 187 206 233 247 282 303 265 246 226 198 184 170 166 179 196 223 222 229 251 275 291 328 361 383 420 485 564 619 609 586 574 580 546 523 489 437
27 12 5 4 3 4 3 1 -9999 -9999 -9999 1 0 1 1 1 1 1 1 1 2 2 2 2 2 2 2 3 3 4 6 8 9 11 12 13 14 15 12 11 10 -9999 10 15 25 38 61 76 90 100 118 133 150 169 192 214 226 250 277 287 273 252 226 199 190 175 170 178 196 232 256 251 266 284 307 351 400 430 462 493 558 645 666 622 573 517 459 457 441 365
42 18 13 5 4 4 2 2 -9999 -9999 -9999 -9999 0 0 0 0 0 0 0 0 1 1 1 1 1 1 2 4 6 8 9 10 12 13 14 16 16 13 11 10 9 -9999 12 17 26 40 61 80 93 107 130 146 161 186 217 254 260 267 276 303 314 280 231 204 200 183 171 179 201 220 245 269 298 316 333 364 399 425 473 517 587 647 690 610 484 440 399 376 362 311
52 22 28 11 5 4 2 1 -9999 -9999 -9999 -9999 -9999 0 0 0 0 0 0 0 0 0 0 0 1 4 6 8 9 10 12 13 14 16 17 17 14 11 10 6 5 11 12 19 33 44 65 84 97 113 139 152 174 208 242 276 292 319 351 370 307 260 241 219 207 191 182 189 207 219 239 269 293 317 330 360 398 451 500 559 618 663 708 635 510 447 395 357 323 288
115 55 28 11 5 3 2 1 2 -9999 -9999 -9999 -9999 -9999 -9999 0 0 0 0 0 0 0 1 4 6 8 9 10 12 13 14 15 17 18 18 14 11 10 6 0 -9999 11 14 23 35 45 64 84 98 117 145 166 198 241 283 326 361 368 412 402 341 293 264 236 220 205 196 203 213 223 239 254 276 306 333 372 431 473 538 577 634 676 717 682 604 527 460 386 329 305
99 53 26 3 1 1 0 0 1 1 -9999 -9999 -9999 -9999 -9999 -9999 0 -1 -1 0 2 4 6 8 9 10 11 13 14 15 17 18 19 19 15 11 10 9 5 3 -9999 14 16 26 35 45 65 91 107 122 153 178 221 281 312 368 435 454 491 489 433 356 306 259 230 221 225 223 214 230 244 260 282 310 334 394 446 472 548 593 660 672 673 672 662 612 544 438 370 348
64 37 10 0 0 0 0 -1 0 1 1 3 3 -9999 -9999 -9999 -9999 0 2 4 6 7 9 10 11 13 14 15 16 18 19 20 20 16 12 10 10 10 8 -9999 13 17 19 26 39 51 70 90 108 128 163 186 237 324 372 399 416 451 485 508 469 386 311 260 242 238 253 242 227 240 255 277 297 314 336 378 416 437 482 526 587 600 596 630 689 667 642 574 510 465
45 27 5 0 0 0 0 -1 0 0 1 2 2 1 0 -1 -1 -9999 6 7 8 10 11 12 14 15 16 18 19 20 21 21 17 13 9 10 9 -9999 -9999 13 15 17 22 33 47 62 81 95 112 138 169 202 267 328 358 362 368 403 456 506 493 412 334 265 249 261 277 263 249 235 260 281 297 317 345 392 442 484 541 580 606 612 601 655 681 679 663 582 469 414
32 15 3 0 0 -1 -1 -1 0 0 1 2 0 0 -1 0 -1 -1 -9999 5 6 7 9 11 13 14 16 18 20 21 22 20 18 -9999 0 0 0 3 5 6 14 20 27 44 55 70 91 105 125 148 177 212 262 293 309 330 373 443 528 553 508 444 366 303 271 280 288 286 263 237 248 266 286 305 328 370 426 508 567 626 681 724 724 696 676 662 549 461 390 342
29 14 4 1 0 0 0 0 0 0 1 1 0 -1 -1 -1 -1 -1 0 -1 1 1 2 3 5 7 9 12 15 17 8 -9999 0 0 0 0 1 2 4 5 14 23 32 46 60 77 96 115 139 161 184 208 230 257 288 330 385 453 509 518 477 433 389 342 300 308 287 275 266 244 255 274 294 312 335 368 415 451 519 580 683 759 763 742 759 737 595 485 437 388
26 15 5 0 -1 -1 0 0 1 0 0 0 0 -1 -1 -1 -1 -1 -1 0 -9999 0 0 0 0 3 5 -9999 0 1 2 0 0 0 0 0 1 4 5 6 17 28 37 50 65 82 99 120 143 165 185 205 227 249 282 327 383 427 449 492 506 458 428 377 339 318 300 286 279 256 261 275 294 320 338 364 388 435 483 506 589 658 675 725 823 873 802 697 599 513
23 9 2 0 0 -1 -1 0 0 1 0 -1 -1 -1 -1 -1 -1 -1 -1 -1 -2 -1 -9999 -9999 -3 -1 0 -1 0 0 1 1 0 0 1 0 1 4 9 12 20 33 45 58 70 84 101 119 143 162 166 193 216 241 287 346 362 366 420 492 495 457 459 441 392 349 313 297 288 269 273 289 302 325 338 366 391 449 529 544 568 624 664 774 862 909 893 837 722 577
23 8 3 0 -1 0 0 0 0 1 -1 -1 -1 -1 -1 -1 -1 -1 -1 -1 -2 -1 0 0 -1 -1 -1 -1 0 0 0 0 1 1 5 5 7 9 12 18 23 36 50 62 71 86 101 117 136 158 166 183 210 241 284 299 315 355 382 412 391 382 417 447 407 362 315 319 295 266 275 284 293 312 335 367 407 475 561 644 688 781 800 830 879 896 894 850 737 525
20 8 4 0 -1 0 0 0 -1 0 -1 -1 0 0 0 -1 -1 0 -1 -1 -1 -1 0 -1 -1 -2 -1 0 0 0 1 2 3 3 8 9 11 15 18 22 27 37 50 64 74 87 101 115 130 147 161 181 206 234 261 276 302 340 327 335 345 355 387 415 400 385 412 382 315 275 270 272 284 303 331 365 411 478 586 691 759 830 889 886 960 950 924 894 784 604
17 5 3 0 -1 -1 0 -1 -1 0 -1 -1 -1 -1 -1 0 -1 0 -1 -1 0 -1 0 -1 -1 0 0 0 0 1 2 2 5 8 12 15 15 20 20 25 35 42 48 59 75 86 97 112 125 145 160 179 204 224 242 257 269 284 294 308 326 343 356 392 421 420 404 389 330 283 269 271 280 299 336 384 417 465 565 668 774 882 924 927 974 936 909 907 857 722
15 7 3 0 -1 -1 -1 -1 0 2 -1 -1 -1 -1 -1 0 -1 -1 -1 0 0 0 0 -1 0 0 0 0 2 3 3 6 9 8 10 13 16 23 24 29 42 56 59 63 73 82 94 108 119 135 155 173 192 211 221 236 254 268 287 306 339 377 406 425 449 456 391 347 321 289 275 274 281 300 336 379 410 458 581 694 769 871 948 944 962 954 923 877 860 803
12 7 2 0 0 0 -1 -1 0 2 0 -1 -1 -1 0 -1 -1 2 0 0 0 1 0 0 0 0 0 2 3 7 8 10 9 10 13 15 19 27 32 39 53 65 70 72 79 88 100 109 121 135 150 161 177 199 217 234 252 268 302 358 404 452 436 435 455 455 412 359 325 293 280 276 287 305 325 354 385 458 602 742 847 945 971 973 964 929 927 861 822 789
12 11 8 8 10 7 1 0 0 2 0 -1 -2 -1 -1 -1 -1 -1 0 0 0 4 4 1 0 0 2 5 6 7 7 9 11 15 17 20 24 34 44 59 65 72 73 77 88 96 102 109 121 133 148 158 169 191 212 226 242 255 282 363 418 422 381 368 413 436 401 355 316 297 289 284 295 311 332 367 404 461 569 716 834 868 890 954 925 865 884 827 762 733
18 18 23 47 55 39 12 6 2 4 -1 -1 -1 -2 -2 -2 -1 -1 0 0 0 0 0 0 0 2 7 8 9 12 12 9 13 18 20 27 33 45 54 65 71 82 83 85 93 100 106 114 119 131 145 155 162 180 195 207 222 235 248 287 312 326 333 326 340 371 364 331 307 297 296 298 307 325 352 393 440 500 566 657 699 662 705 792 817 818 816 789 728 736
24 24 35 90 89 49 22 17 7 1 -1 -1 -1 -2 -1 -1 0 0 0 1 0 0 0 1 2 6 12 13 14 17 19 17 21 21 24 36 42 54 66 74 80 89 93 101 102 107 111 120 125 135 146 147 154 160 166 178 195 212 220 232 249 273 291 292 304 344 353 296 300 295 293 304 319 341 367 403 457 487 501 535 547 566 579 602 683 683 723 705 658 683
37 42 47 103 95 52 32 23 9 2 -1 -1 -1 -1 -1 -1 0 1 1 2 3 1 1 3 5 13 16 16 17 19 25 27 25 25 30 41 49 68 78 88 93 95 100 106 109 118 120 125 130 136 147 151 155 161 166 173 183 200 203 210 228 241 262 267 270 298 311 289 289 288 299 316 316 337 373 400 423 437 455 461 474 490 502 532 571 577 586 599 618 618
59 52 69 105 84 48 46 28 7 4 0 -1 -1 0 0 0 1 1 3 5 9 5 5 9 10 14 18 22 22 25 28 31 31 32 38 44 53 76 96 97 97 104 107 109 114 125 130 135 137 141 148 154 156 163 167 173 182 186 199 206 212 213 228 235 252 267 278 279 274 282 302 312 307 340 365 401 405 400 427 436 448 465 492 530 547 518 554 635 608 534
112 53 54 66 72 59 43 17 7 3 0 0 0 0 0 0 3 4 8 15 15 13 15 19 17 20 20 24 29 31 29 28 31 35 37 43 51 67 84 91 97 110 113 116 119 124 132 139 143 147 148 152 155 161 168 168 174 178 181 192 193 196 205 222 236 245 253 266 271 285 302 301 309 335 366 385 402 409 444 490 532 531 528 554 545 509 526 613 580 503
91 51 51 49 50 45 25 12 6 3 0 0 0 3 1 2 5 6 10 12 13 19 23 20 20 23 23 23 29 29 30 31 29 32 34 40 47 57 70 85 92 103 114 116 121 125 133 140 140 145 148 151 155 161 163 167 169 175 178 182 184 196 205 212 210 219 232 240 252 278 298 299 309 337 363 382 419 459 491 527 571 654 648 621 588 538 483 464 492 452
59 57 51 40 34 27 20 13 7 6 1 1 1 5 6 11 13 11 10 11 8 15 22 21 22 23 24 26 28 30 31 31 32 34 36 39 42 53 62 70 80 95 108 119 120 122 123 123 123 133 141 148 150 154 157 164 167 173 179 181 181 193 198 204 203 211 226 242 245 263 273 304 314 337 361 393 407 433 451 488 575 691 735 721 671 655 564 447 419 389
50 47 41 31 33 39 30 21 12 8 4 4 3 4 6 14 14 19 19 23 15 17 23 21 26 25 30 33 32 31 31 31 34 34 38 40 43 49 55 58 76 89 98 107 111 115 115 116 120 133 137 145 151 153 156 163 167 173 178 181 178 185 195 197 201 211 225 237 249 257 269 290 302 323 352 375 381 411 445 498 592 686 774 782 745 700 601 508 459 447
47 38 33 34 36 46 42 33 25 16 8 5 3 4 10 15 21 22 25 29 27 24 27 28 31 29 30 37 37 38 36 35 35 38 41 42 45 47 48 55 67 79 91 100 106 105 109 120 123 132 139 150 155 158 160 160 165 169 170 177 177 191 196 202 208 214 229 244 248 257 267 291 299 318 339 353 366 394 431 489 575 663 784 788 770 723 675 577 535 544
34 31 27 27 32 47 50 41 33 28 18 9 3 3 7 13 19 22 25 20 23 24 30 28 34 35 33 30 30 36 41 40 39 40 42 44 45 46 49 56 62 76 86 89 95 102 111 118 121 122 133 139 147 157 156 158 161 165 170 174 175 186 198 206 211 216 232 244 250 258 270 288 299 314 323 332 361 393 415 466 516 631 731 702 718 772 747 680 662 640
29 27 29 30 26 35 49 46 40 44 29 16 7 4 9 10 9 14 24 13 15 23 32 29 23 30 40 28 26 32 38 38 38 37 41 41 46 49 53 58 67 76 82 89 92 99 105 115 120 122 131 139 154 151 148 152 157 157 162 165 172 182 195 202 207 221 251 257 259 266 277 281 286 291 308 334 367 384 403 442 495 555 607 603 692 803 776 724 732 755
