lus_demo/data/Current_situation/Thematic_maps/NatureLandscape/altitude.asc
ncols         540
nrows         650
xllcorner     10000
yllcorner     300000
cellsize      500
NODATA_value  -9999
[rows 280 to 319 of 650, columns 360 to 449 of 540]
268 246 229 212 202 200 178 158 156 146 131 117 110 97 78 71 57 51 47 42 39 31 25 27 33 39 38 36 36 32 25 24 24 26 29 34 33 36 38 40 39 39 43 46 46 44 47 46 51 64 63 67 74 79 76 78 83 83 88 94 105 106 103 108 119 174 284 313 453 613 604 487 386 263 170 159 141 118 98 90 83 88 89 94 96 93 91 94 93 104
287 252 227 208 204 198 184 166 150 138 123 109 102 98 90 69 55 53 49 44 41 28 23 23 32 39 34 38 42 35 30 27 25 27 32 33 35 38 43 44 46 49 54 50 49 49 49 52 53 54 64 77 79 76 77 79 83 86 90 96 106 107 107 113 121 151 234 318 515 628 563 476 403 267 194 167 155 123 99 90 87 84 80 94 100 98 91 92 92 93
267 257 253 211 192 180 170 161 152 141 122 111 108 99 84 66 60 52 43 39 31 25 23 25 30 39 37 36 41 37 27 26 29 28 27 32 32 37 42 39 39 45 50 60 52 51 51 51 51 52 61 75 81 77 81 83 83 86 91 97 107 109 111 118 122 143 181 281 477 611 641 541 422 298 206 171 151 117 98 92 88 92 90 95 99 105 90 92 93 94
274 260 245 207 187 174 161 156 149 137 120 105 97 85 78 65 56 47 40 34 28 26 24 25 32 37 38 38 40 35 31 30 31 32 24 26 34 39 45 42 41 40 44 48 53 48 49 49 53 53 61 75 88 83 84 85 85 88 93 97 108 111 112 122 128 141 173 327 542 535 579 599 446 319 215 164 134 110 100 93 89 90 93 90 88 93 94 94 93 92
281 255 238 212 210 193 174 173 156 136 119 102 91 81 73 62 53 44 37 31 28 27 26 27 35 37 38 41 42 36 35 34 38 32 26 25 32 40 39 37 43 46 45 43 45 45 50 54 56 56 60 69 75 76 83 86 89 90 92 96 105 109 112 120 126 135 154 252 362 367 542 605 465 326 220 158 138 117 104 92 89 91 93 91 91 86 95 94 91 93
275 245 228 214 203 191 182 170 165 154 132 108 95 77 64 55 49 43 30 28 29 29 26 33 39 41 41 38 40 38 37 39 40 38 32 32 31 37 38 41 45 46 46 44 43 48 51 56 57 60 64 67 73 78 82 89 89 90 92 97 102 110 116 120 122 131 144 162 202 272 503 587 482 319 200 154 145 128 111 93 92 92 90 93 92 90 94 91 85 89
259 239 222 212 190 179 168 158 149 147 132 116 101 76 58 48 42 33 27 28 25 27 27 34 39 38 40 35 41 37 38 39 38 39 39 36 41 35 34 42 45 56 53 52 48 52 51 55 60 65 71 76 81 87 92 88 88 90 90 96 90 105 113 121 121 127 136 153 177 229 379 508 500 363 225 159 137 126 106 96 94 93 91 93 93 94 90 91 91 91
276 248 225 214 202 189 166 150 137 138 124 111 91 71 58 47 36 30 25 25 27 28 28 34 42 42 40 40 42 46 45 36 38 38 42 41 40 39 36 43 42 57 58 56 52 53 56 56 63 65 68 73 74 80 88 88 90 91 92 96 100 105 116 125 120 124 134 147 171 301 504 504 487 398 253 165 136 120 110 100 100 99 102 105 108 105 96 92 94 93
270 251 262 248 209 182 164 141 127 123 109 95 86 69 60 46 32 27 25 27 30 27 30 31 41 44 44 37 38 55 49 40 41 41 42 42 40 41 38 42 46 48 46 49 55 62 62 64 64 69 72 74 78 84 88 91 91 91 94 98 100 102 109 128 121 123 132 143 179 368 531 497 424 369 235 170 140 121 116 108 105 110 121 145 151 137 113 95 93 93
283 278 275 242 206 177 162 142 127 115 105 93 85 71 57 43 33 27 27 29 27 26 31 31 38 44 47 40 41 47 44 43 45 42 44 44 43 41 41 44 48 52 54 51 51 57 60 63 65 72 73 75 77 92 94 95 93 90 92 93 98 102 108 117 118 126 128 139 187 412 551 509 347 278 201 158 145 133 122 114 112 124 163 204 208 183 138 107 94 94
334 337 297 232 206 183 165 149 129 119 109 100 83 73 57 43 33 26 28 28 28 27 32 33 39 45 43 35 41 46 45 45 47 47 45 47 47 44 44 47 48 47 50 51 53 59 62 64 65 67 72 73 74 79 89 95 95 96 92 89 93 100 104 109 115 126 130 137 187 434 533 467 293 209 179 156 150 132 117 111 117 130 186 291 277 221 161 124 104 98
389 368 297 233 202 178 159 144 135 127 121 104 86 70 55 44 32 30 29 27 28 30 32 34 39 46 46 40 39 43 45 45 44 47 47 50 56 48 47 50 47 45 48 50 50 55 64 67 71 73 76 74 74 83 97 94 94 95 90 88 90 96 102 105 112 120 125 126 158 356 486 444 280 202 190 184 152 125 116 113 115 126 154 231 220 206 172 136 112 99
309 312 258 222 199 177 160 149 144 133 120 102 88 73 56 46 36 33 31 30 30 32 31 33 33 39 44 44 42 44 48 51 48 47 49 50 56 59 51 52 57 53 52 52 54 56 61 63 67 71 74 75 77 85 98 95 100 98 89 89 91 92 98 106 109 116 124 124 133 219 357 333 224 185 185 182 150 127 120 118 116 128 143 162 187 255 236 176 121 94
265 259 232 213 196 176 169 161 150 127 115 104 87 71 53 40 35 34 38 34 31 30 30 33 34 34 44 46 41 43 62 57 52 49 49 52 54 58 56 61 61 63 64 62 61 65 66 68 71 71 75 76 78 82 90 90 95 91 91 92 94 92 95 102 104 109 116 118 127 146 215 225 194 182 189 173 151 145 134 127 125 129 141 169 206 226 236 161 113 94
264 255 230 213 197 183 175 167 153 121 101 93 82 65 48 38 36 35 36 35 32 30 30 34 35 39 45 50 44 42 53 63 55 49 51 51 51 50 49 50 53 53 60 60 56 59 67 85 84 78 78 80 82 83 85 87 89 90 94 92 93 97 99 101 102 104 110 114 117 132 157 207 226 208 188 173 170 186 167 149 138 139 146 166 200 230 240 142 102 95
307 309 264 231 205 175 158 153 148 128 101 83 69 54 41 35 35 35 34 35 31 30 30 33 31 35 42 49 45 42 49 61 57 50 50 47 50 54 53 55 50 51 59 62 60 60 59 66 70 75 78 78 82 86 91 89 90 91 91 92 94 101 104 101 102 104 106 105 107 121 138 197 268 230 203 210 204 215 217 189 156 146 144 160 193 246 222 127 102 97
368 384 318 245 207 177 154 142 127 114 99 87 68 47 38 36 35 35 37 35 30 27 29 31 32 36 41 48 50 44 48 53 61 55 55 49 50 56 58 59 53 53 62 62 59 60 62 68 75 87 85 82 87 83 86 88 90 92 92 92 95 101 102 103 104 103 102 105 109 112 130 167 256 215 200 210 178 180 188 188 178 155 155 206 241 289 206 124 102 104
448 409 337 256 208 183 165 149 128 115 102 89 66 45 43 46 40 39 41 34 31 30 31 34 32 36 42 46 51 46 48 49 53 58 62 56 53 55 55 55 56 56 58 61 59 62 65 70 71 76 83 84 88 88 90 90 94 93 93 95 98 102 103 101 103 102 100 103 105 107 118 132 187 209 185 184 166 165 166 172 183 183 203 259 272 239 173 126 104 108
379 335 303 246 214 189 168 152 137 121 107 87 61 45 40 39 40 42 42 37 32 32 30 33 35 39 43 44 48 49 48 46 51 65 73 67 58 61 63 57 59 60 58 60 60 60 64 77 82 77 84 87 88 89 89 91 100 101 96 98 98 101 104 103 102 102 100 102 106 109 112 126 150 192 199 183 168 166 161 175 192 183 197 198 200 160 131 124 105 105
315 300 286 234 216 187 171 160 142 123 104 80 57 45 41 41 45 45 43 37 34 33 31 33 37 42 42 43 47 48 48 42 52 62 65 64 62 61 70 72 67 62 64 61 61 60 60 69 77 80 83 86 92 97 99 103 101 96 96 98 98 105 102 101 104 102 100 102 106 110 112 114 124 135 163 170 164 157 162 190 212 192 167 158 180 154 133 130 106 103
346 327 278 228 204 183 166 142 128 116 98 79 61 51 48 47 49 46 41 37 34 36 34 35 40 43 41 40 47 51 48 48 44 51 56 56 57 62 66 69 62 68 72 63 60 61 63 64 80 84 78 85 91 89 89 91 96 96 96 97 100 103 104 102 104 102 102 104 107 109 113 112 114 122 131 137 150 147 154 179 211 198 167 140 143 134 122 114 108 106
478 403 296 237 203 179 155 142 127 109 94 74 59 53 43 45 46 45 44 40 39 40 36 35 42 47 41 41 45 49 52 57 58 53 51 51 54 61 68 73 66 73 71 66 70 72 67 66 78 76 81 88 87 90 96 103 108 100 95 95 98 102 103 103 105 106 104 104 107 109 115 116 115 116 115 125 146 144 148 161 182 200 157 154 205 204 156 133 132 119
472 410 314 258 222 191 169 149 129 111 93 71 57 53 44 43 44 47 45 40 43 45 41 40 45 46 42 45 50 49 48 57 59 55 50 49 51 57 63 63 68 75 76 72 68 72 74 80 77 76 87 89 91 89 87 91 97 97 95 96 101 103 103 106 106 106 106 105 109 111 115 113 115 117 115 117 127 136 141 151 167 204 166 172 215 267 232 175 166 132
415 351 308 256 218 196 173 152 138 116 93 67 60 57 50 48 49 52 47 43 45 44 44 45 47 45 44 51 56 53 50 52 59 54 52 52 53 64 60 52 62 67 65 69 69 70 76 78 72 74 79 81 86 92 89 97 104 104 99 100 103 105 104 106 105 106 108 108 111 115 117 115 117 119 118 115 118 124 132 144 164 180 161 167 186 244 310 306 247 148
516 438 331 268 234 206 180 156 141 126 102 74 64 61 56 55 51 54 48 46 48 46 49 48 52 49 50 53 60 62 55 52 54 54 50 50 57 68 59 55 57 63 62 63 66 70 72 80 78 88 85 87 91 92 94 103 105 103 96 96 100 105 105 106 106 105 104 108 111 113 114 115 116 119 117 116 118 123 153 178 215 168 158 199 202 215 278 334 251 147
559 445 345 290 239 206 180 157 137 121 101 75 70 67 61 62 59 55 51 48 49 48 52 50 52 56 58 52 54 57 51 50 54 57 54 46 54 61 68 58 59 65 65 63 68 75 80 80 74 76 89 90 91 91 94 96 95 94 97 95 99 106 107 105 106 106 106 110 114 114 116 117 116 116 117 116 117 125 167 228 286 168 195 260 216 195 177 162 132 125
658 543 448 344 262 222 192 164 136 119 102 79 78 76 69 68 66 60 54 54 52 49 46 48 47 47 53 48 51 59 54 50 56 54 56 51 47 58 69 72 63 68 68 72 69 77 76 73 74 77 79 82 83 87 86 90 93 98 103 102 103 107 107 105 106 108 110 112 114 116 117 119 120 119 117 119 118 123 153 224 180 149 210 244 194 145 127 117 111 109
731 625 482 332 265 224 196 172 149 127 109 89 83 81 75 73 68 63 58 57 52 47 45 48 51 48 50 49 53 55 53 50 57 57 49 54 47 51 56 68 73 73 75 76 76 77 79 79 80 81 84 82 89 91 90 91 95 97 104 109 112 111 109 106 108 111 112 113 113 116 120 116 116 118 118 119 116 116 130 186 148 156 214 238 179 134 115 109 109 110
728 614 472 369 308 241 206 183 161 138 118 99 90 85 82 76 70 68 62 59 52 50 49 50 53 52 55 53 59 60 53 51 57 63 57 55 51 48 53 62 79 78 74 71 78 75 75 78 83 86 85 88 89 89 92 89 98 97 104 109 113 114 111 108 111 112 114 114 115 116 116 114 115 117 115 118 117 115 119 121 123 152 201 202 155 125 112 110 116 112
720 589 428 357 291 244 219 197 173 150 127 107 100 90 80 76 71 69 65 59 53 52 52 55 53 52 57 58 57 60 55 54 59 62 60 59 57 53 49 47 70 68 66 69 75 77 75 78 81 82 87 88 90 91 93 92 99 98 104 108 112 107 107 108 113 115 116 115 117 116 116 117 117 117 118 116 117 117 117 116 118 145 162 168 147 124 111 112 113 117
627 514 380 323 279 244 219 201 182 160 137 115 105 95 90 86 80 78 72 61 56 55 56 61 58 57 59 58 58 62 57 59 62 63 60 58 60 56 57 52 64 67 73 75 77 80 80 82 81 85 88 94 97 100 97 98 105 99 102 106 107 107 107 111 115 116 118 119 120 115 116 118 117 118 119 117 119 119 117 118 115 127 140 153 139 126 118 120 117 118
541 480 444 351 282 243 216 198 180 163 145 123 111 103 96 90 81 80 73 64 60 55 59 60 56 59 57 60 60 65 59 60 64 61 59 60 63 65 60 62 74 75 78 83 81 81 80 85 83 84 85 92 98 103 103 106 105 102 101 107 116 114 111 114 116 116 118 120 119 119 115 116 119 117 116 118 117 119 120 119 117 117 128 149 145 133 124 113 118 122
520 519 417 333 276 240 213 195 178 163 147 129 119 111 96 86 80 78 73 67 62 61 61 62 59 61 62 62 64 64 61 62 61 61 63 60 61 57 58 78 77 77 79 81 82 82 83 85 84 85 85 91 98 101 104 99 96 98 100 110 116 114 111 117 120 115 113 118 117 118 117 118 118 118 118 119 117 118 121 119 119 118 125 143 147 134 121 115 119 123
504 529 414 309 260 229 214 202 187 170 152 136 121 106 94 86 81 79 76 67 63 64 64 63 62 61 64 62 66 66 63 65 67 60 58 57 55 60 63 80 80 80 82 81 84 83 82 87 89 89 89 92 98 102 105 95 96 98 100 107 110 110 110 113 112 115 123 122 117 116 118 120 118 120 119 120 118 118 122 122 120 124 130 135 146 137 128 120 125 126
433 470 430 321 259 232 226 212 190 172 156 140 119 105 95 90 84 81 75 69 67 65 65 65 65 64 64 65 67 70 71 68 66 66 57 58 62 63 72 78 84 82 80 80 81 83 83 88 87 92 96 94 101 105 103 96 96 99 100 103 107 113 112 114 119 119 117 117 116 116 117 119 121 120 120 120 120 121 125 122 129 128 121 130 137 137 128 122 126 129
367 366 330 291 266 248 231 211 193 176 160 146 127 110 100 93 88 82 76 71 69 68 66 65 68 68 68 68 70 73 76 74 70 67 59 58 56 62 69 70 76 74 77 81 84 80 82 86 88 92 95 98 106 114 106 96 97 100 101 105 106 110 114 110 120 119 119 114 115 115 116 119 119 123 124 120 120 122 122 126 128 121 123 125 128 127 130 130 130 131
406 359 329 305 285 261 241 214 195 177 161 147 131 115 101 94 90 82 77 72 71 70 68 68 68 70 70 73 74 78 75 82 81 72 62 62 54 55 59 66 72 77 77 81 84 81 83 86 90 93 97 98 108 118 108 101 100 100 102 103 106 107 111 110 111 114 116 119 118 119 119 119 121 124 123 121 122 121 123 124 125 122 127 125 126 125 133 135 133 135
537 407 368 332 316 293 276 241 198 179 159 149 138 122 108 96 90 82 76 72 71 71 72 72 73 73 73 76 78 79 69 73 76 70 62 61 55 55 56 55 65 75 81 82 88 88 82 85 90 95 98 101 99 104 103 99 100 99 102 104 106 107 109 111 111 114 122 126 125 120 118 119 123 125 122 122 123 123 124 124 126 124 125 128 128 126 135 135 137 140
565 434 385 368 366 362 343 274 215 186 169 158 145 127 112 98 88 83 77 78 75 75 77 78 80 80 78 80 78 71 70 70 77 70 60 61 59 59 57 56 58 78 80 89 91 88 81 82 88 91 96 96 99 100 97 99 103 99 103 102 109 110 113 114 115 113 116 119 120 118 120 122 123 124 120 122 122 125 125 127 127 127 126 128 131 135 138 140 143 145
644 485 447 441 402 368 328 281 232 197 180 164 147 130 114 102 93 84 79 79 79 83 83 84 83 79 77 72 71 69 70 72 77 77 63 65 66 61 63 64 64 82 74 82 83 82 81 85 88 94 96 99 100 97 97 102 103 103 106 106 108 111 117 111 112 117 118 113 119 116 119 121 124 124 126 122 124 125 127 127 129 129 130 132 136 142 142 142 145 148
